82 70 3.407073
2 18 3.945052
74 60 4.939093
24 88 4.577069
19 42 3.525308
39 11 3.072055
31 71 4.914891
21 78 0.493249
61 26 1.107113
19 76 3.035811
13 61 4.218553
59 4 0.7647
13 89 2.862147
27 53 4.115539
27 86 1.155983
27 98 0.816805
0 45 0.243145
100 65 3.796992
19 45 0.768812
33 74 3.043259
47 42 4.926107
28 41 4.327325
44 74 4.937011
15 56 4.663045
59 79 1.071003
43 30 2.719274
59 2 0.407759
10 84 3.760065
71 77 0.092104
81 68 3.912658
75 21 4.921172
61 97 3.843352
24 99 1.234865
23 39 1.256634
38 1 3.125583
4 60 1.450731
76 92 4.149069
49 18 1.51467
81 94 0.176227
25 22 1.677805
52 40 3.060282
26 61 3.596776
59 76 2.596992
100 34 0.440458
32 77 3.842733
40 87 2.714401
43 95 1.466159
39 24 3.977792
49 14 1.784085
100 78 1.054007
94 81 4.315668
47 71 2.721163
98 18 0.815189
95 77 2.541803
59 41 3.496465
5 61 0.08714
60 38 3.963918
85 53 4.67634
44 63 2.582544
21 84 1.486841
11 5 1.787114
19 26 1.483764
55 12 2.314566
42 92 4.990365
29 26 2.712187
16 68 0.489295
38 31 3.128313
32 59 4.246237
41 52 3.071832
76 11 3.458241
69 90 1.76243
94 2 1.263937
97 57 2.278812
35 50 4.572569
3 21 0.047855
23 93 0.06469
21 60 3.224628
46 20 0.231142
99 12 2.187181
40 25 0.335774
55 9 2.040836
24 76 2.366936
70 10 2.312439
6 50 3.544498
9 1 4.050286
36 78 3.668283
68 12 4.834718
89 64 4.48999
47 9 2.641135
38 57 1.638305
70 2 4.48406
7 1 1.680283
64 21 3.473925
7 54 4.125593
47 15 1.587184
60 84 0.336974
66 56 2.886118
22 26 2.771962
28 65 0.356478
58 34 2.239884
28 73 3.87926
50 70 1.608892
23 56 1.806736
53 64 4.940763
87 16 4.64131
51 75 1.869209
50 73 3.11529
61 12 0.031106
20 15 4.311495
43 61 3.075576
22 15 2.566187
79 51 3.243296
79 92 2.029336
83 23 1.588748
65 89 4.747641
95 87 3.224338
47 96 1.19485
10 41 1.523589
44 56 0.76137
80 76 2.505789
64 93 1.949226
34 58 2.933933
89 15 4.791313
73 80 2.230881
40 46 4.454253
73 45 4.058998
84 78 4.49278
20 67 0.387213
10 91 0.642482
34 76 2.323574
53 48 3.957982
77 37 1.842126
24 38 0.457381
61 88 1.247727
20 34 2.811428
17 81 3.837393
78 81 4.453
90 83 1.761146
9 29 1.750869
72 45 2.123925
100 19 4.643456
0 93 2.016143
31 51 4.464181
73 91 0.911119
5 4 0.053891
50 75 2.200621
92 82 0.685261
90 4 0.725549
34 67 0.595517
20 9 2.970874
100 60 2.365826
11 64 3.371721
95 20 0.252759
59 7 1.282922
87 50 3.060205
5 12 2.081515
8 70 1.083175
41 18 1.61382
52 36 0.04258
7 67 2.036206
25 30 0.976361
44 93 4.746308
25 94 1.353898
27 28 3.562886
51 94 3.287659
100 86 4.646218
9 59 1.132844
68 45 4.768728
16 92 4.719908
33 3 2.813219
65 71 1.858505
84 39 4.764364
80 40 4.287105
64 29 4.379008
35 78 4.434399
61 96 4.681268
45 50 3.290337
69 79 3.545305
31 26 3.206874
88 16 2.245897
34 37 0.864723
61 22 3.093455
12 83 1.921659
16 90 3.248877
86 5 4.758573
13 91 0.88838
31 73 3.873786
80 36 2.538657
79 26 1.876173
53 90 2.562384
78 47 4.915499
49 32 4.218505
42 91 1.293462
56 84 2.593303
24 74 4.42678
35 16 0.116209
64 17 4.575699
66 5 4.123066
79 42 0.561913
14 76 0.310532
39 30 0.080113
3 71 1.169442
83 8 0.662794
41 35 0.778196
27 49 0.196885
94 70 3.884038
10 1 0.200761
20 56 4.583375
60 15 1.34407
85 7 2.577091
63 36 1.72826
79 64 2.918035
48 92 4.155606
92 29 1.48901
66 90 2.357904
83 89 0.705407
12 11 1.955323
49 3 1.163643
74 59 2.253629
82 7 4.622307
60 31 0.068462
36 90 0.521166
2 86 4.808281
13 83 2.789926
87 64 0.606184
37 79 0.914836
69 14 3.473605
25 57 2.815225
69 48 0.241542
65 59 0.874032
2 79 2.743794
61 67 0.702407
1 12 4.917836
36 66 4.389779
71 28 2.512927
14 9 3.616672
80 82 1.364786
34 17 0.536319
67 89 0.607377
28 89 1.029089
22 90 0.93878
18 29 4.242677
20 65 0.299251
72 77 2.209602
75 52 0.484998
62 83 3.147246
31 23 1.565818
14 82 0.175936
33 73 3.190771
63 62 1.335204
22 65 3.064433
70 100 4.932709
5 39 4.62017
86 30 0.479233
31 80 2.397182
18 91 4.871147
72 79 3.659379
7 41 4.050976
33 23 2.43926
32 43 0.557191
46 95 0.061995
1 59 4.653872
82 89 1.894761
41 37 3.190228
78 77 0.344767
83 6 0.98231
19 86 3.748721
3 99 4.484095
30 93 2.284737
35 17 4.557299
82 56 3.075126
89 100 2.879302
38 77 2.167396
43 62 1.927601
92 18 0.407308
27 92 1.114944
13 91 1.010483
39 54 3.872609
36 83 4.536394
13 24 4.536201
81 84 2.776307
70 61 1.572908
70 52 3.940228
97 32 2.067447
33 58 2.641768
54 95 2.761021
21 85 1.127925
61 94 2.202289
30 79 2.354403
56 61 0.31679
55 79 3.299944
98 68 0.331093
33 81 3.7785
99 44 1.668277
46 34 3.029358
43 83 1.709319
74 92 0.557876
92 19 2.989145
100 41 4.915402
53 98 4.835754
27 81 4.358697
20 22 0.554517
0 89 4.818091
83 76 3.319744
62 99 4.156328
40 72 2.542232
26 58 0.573328
92 15 1.479392
13 81 0.415319
2 28 0.472599
81 31 0.092897
53 99 4.290095
40 20 2.069638
1 15 3.72568
46 65 1.835779
38 92 3.180212
55 77 1.201812
70 26 0.311521
66 11 1.484232
68 28 4.938059
28 59 3.348537
18 94 3.647657
9 32 3.754348
25 23 0.141573
3 71 0.42117
44 52 0.167007
65 74 2.31679
61 26 1.629878
67 83 0.531404
97 8 3.4639
80 37 3.759402
52 65 1.170162
20 48 2.141233
40 38 4.578568
92 100 1.27039
76 12 1.939421
79 55 2.394882
98 56 3.707123
89 13 4.084296
60 1 1.594057
27 72 2.121563
22 10 1.38083
96 92 3.352173
59 65 3.085258
81 34 4.799298
58 87 1.30428
69 4 3.048056
79 70 0.774969
30 64 0.673641
21 20 4.510926
92 24 1.076039
62 10 4.29966
26 98 0.799887
31 32 1.193079
34 3 2.752995
56 6 0.360624
39 20 2.225073
3 17 3.598982
80 100 2.593052
95 11 3.940627
100 93 0.015928
14 53 3.815676
24 25 0.904541
55 24 4.375922
30 33 3.615632
12 35 2.97688
27 9 2.709534
38 43 3.727123
6 65 4.079919
91 68 2.029955
34 72 3.498138
98 99 0.042853
71 88 0.32238
21 52 2.877014
66 61 2.745567
10 67 4.992192
26 49 2.774139
71 13 1.99106
13 18 1.101539
97 44 2.100038
51 59 1.292943
12 60 4.674759
13 33 0.532711
58 87 4.329224
27 39 0.32527
4 45 1.590282
47 3 0.163651
30 21 2.699591
23 49 0.633175
74 95 4.360875
72 69 4.285832
58 61 2.5108
97 92 3.308688
47 77 1.59486
24 75 0.110515
95 71 3.543389
5 57 4.076263
41 76 0.911182
39 5 2.287469
1 52 1.590792
33 36 0.879241
45 10 4.881566
24 67 0.638003
43 30 1.58006
77 55 1.296767
57 74 3.286493
12 34 3.946458
31 1 2.716615
95 11 3.698946
32 90 2.468569
20 40 2.260345
2 0 4.306397
15 22 3.444036
18 47 0.542773
33 7 2.793147
67 33 2.493247
84 68 4.354487
0 94 2.613764
5 88 4.33391
3 51 4.748004
36 96 2.156793
100 78 3.44993
86 52 4.076512
17 23 3.656959
36 83 2.643054
66 85 2.978801
57 27 1.153377
80 3 0.384134
31 67 4.295888
60 54 1.727185
55 74 3.467643
21 6 4.001311
63 9 2.107093
59 81 2.978365
84 89 2.669078
77 93 3.364841
94 19 1.155686
72 99 1.535237
21 94 3.459253
94 97 3.502239
59 62 0.902925
32 78 0.018349
67 96 1.664192
94 13 4.30282
70 4 4.862347
100 28 2.856586
83 66 4.127146
30 11 0.609874
4 84 1.709317
43 46 4.702511
41 66 1.397061
92 15 1.146585
72 98 1.672619
3 10 3.914277
100 48 3.703079
80 78 3.277978
24 45 2.646826
9 0 2.545009
57 67 4.793416
50 10 4.696271
58 28 4.849301
49 3 0.307376
16 69 4.349196
41 17 2.137553
79 57 2.577336
45 7 1.76416
0 14 4.764349
79 21 3.964537
3 87 4.460182
99 76 4.992297
23 43 1.200681
11 5 0.538839
27 61 4.058061
79 55 4.538804
93 48 3.786768
77 68 3.099408
4 11 4.881529
75 34 4.59885
14 97 4.84159
13 20 3.546094
7 50 3.163166
81 97 1.510536
42 60 0.186363
49 83 3.768076
15 7 3.506191
1 75 4.270992
64 10 1.074903
20 27 2.720183
63 10 4.17198
3 99 3.062404
42 3 0.913861
41 73 0.770662
52 11 2.256145
83 34 4.765305
28 33 2.703448
37 4 3.251182
60 46 2.980564
39 36 2.981877
70 79 3.354993
73 14 3.708568
91 49 0.224318
85 77 1.967426
25 55 4.47103
66 27 3.685803
53 45 4.15565
38 23 4.256597
7 70 1.806519
46 97 2.462354
10 27 0.911762
1 67 4.781473
45 83 1.651401
1 53 3.969443
13 27 4.720895
60 98 4.553216
23 92 2.15528
25 54 0.150889
98 89 3.178541
70 54 4.794587
40 50 0.358221
48 56 1.669837
27 95 4.877665
81 45 2.21242
80 27 3.637596
49 56 4.123018
67 38 0.454866
44 76 3.709206
17 73 2.813914
38 52 2.961521
71 17 2.804534
1 57 1.451935
41 77 4.77832
29 5 2.216485
32 26 3.286955
92 4 4.95841
3 55 1.270616
75 38 0.863671
22 91 2.186321
52 88 1.300954
72 33 1.982006
33 80 3.337074
45 95 1.029365
0 18 3.513423
43 2 0.440203
77 73 4.069376
78 39 3.598181
13 66 2.736971
9 46 2.250908
30 22 0.147997
0 68 0.560704
35 86 4.604984
0 32 3.243809
76 34 1.64864
35 62 2.99396
1 59 4.652549
19 47 2.104374
13 14 0.214765
76 90 4.086595
82 42 2.516784
100 9 1.448995
2 95 0.173431
62 25 3.519016
43 9 4.540551
91 67 4.322416
89 21 4.167744
10 1 0.961753
75 100 0.87892
95 67 1.272061
93 61 3.028879
7 90 4.885642
69 11 3.912369
88 51 4.701556
71 78 3.399195
3 28 1.61378
85 88 0.244466
97 33 4.403518
83 26 3.639275
6 44 0.465056
2 20 4.405062
4 77 3.949368
56 13 0.251956
22 43 4.770605
6 10 4.739459
71 27 3.477487
25 24 2.707097
42 72 0.37584
55 59 4.310868
24 37 3.544551
25 30 1.926085
39 97 2.080469
12 5 3.325954
20 56 2.247954
13 46 4.270262
38 13 3.074784
77 57 1.062407
53 59 3.657282
33 59 1.519628
40 54 4.5003
54 35 4.639441
63 21 2.20101
77 85 2.721145
57 76 1.946025
8 37 0.200818
72 53 1.464571
85 2 0.780847
29 51 3.515345
49 7 0.753452
65 7 4.566928
50 69 0.243357
89 70 2.94106
48 66 1.916305
11 20 0.093053
52 23 4.688513
8 98 3.068219
41 61 4.030212
78 59 4.375359
55 35 2.706781
68 61 1.937156
49 34 0.444136
76 53 1.972437
72 45 2.139173
42 13 0.313866
76 89 1.61947
42 1 3.660532
6 21 1.335718
21 79 3.067093
96 74 3.976385
15 64 3.140757
46 44 1.091351
92 38 2.986047
74 32 1.543171
5 73 3.777334
48 45 2.111979
77 21 0.578934
64 60 4.437412
67 9 4.563554
29 18 3.180801
73 84 1.526952
72 38 1.892528
4 63 3.805906
37 46 4.69618
73 50 1.887082
48 99 2.787258
27 2 0.412313
98 3 4.868692
64 2 0.756005
91 22 2.398935
24 98 1.225544
3 69 2.772735
20 43 1.156658
89 78 1.123655
26 2 0.226764
0 33 1.90895
2 80 3.277783
90 26 2.99784
94 91 1.478715
9 64 1.213845
5 89 0.00728
14 80 1.469907
15 75 3.908134
51 89 2.994367
51 52 3.385717
63 6 4.221368
48 65 3.941454
7 50 3.548625
16 35 2.568125
93 88 1.36661
35 94 1.758205
46 86 1.242622
84 19 4.563865
6 21 1.683874
91 6 4.04341
70 16 0.000988
98 55 0.808365
23 3 2.408942
82 1 2.293114
44 37 1.356733
28 95 1.590387
4 57 4.741155
59 52 4.839242
49 57 2.675291
77 93 2.101306
24 99 0.36007
98 33 0.345744
100 15 2.126416
23 78 1.384696
62 90 4.873391
47 24 1.527307
1 5 1.984111
24 45 0.211356
71 88 3.829042
33 30 4.503053
85 46 4.932699
85 95 0.019023
8 97 2.404392
11 50 2.147655
12 48 0.061655
0 19 1.490402
43 95 4.207592
39 33 4.247224
8 86 3.356932
16 87 3.258833
51 14 0.606117
17 31 2.188451
51 0 3.360943
20 74 0.524904
13 95 3.110702
93 77 1.758267
2 58 1.247872
42 71 4.019483
80 3 1.631127
76 85 1.843767
19 61 2.386955
7 58 3.389575
5 20 1.080735
4 72 3.525092
96 52 3.924959
58 46 4.641507
24 20 1.318271
37 23 4.36626
48 90 1.529808
86 4 4.066543
16 21 1.853148
73 39 4.082152
24 87 3.388425
58 32 1.501902
35 97 2.67346
87 38 2.29585
47 59 3.999228
15 5 3.365346
64 0 3.554976
41 83 2.987912
97 20 0.182032
32 75 1.474466
99 62 1.614728
15 95 2.257365
45 37 3.336535
62 21 0.994282
74 19 4.685675
36 79 2.16362
16 56 1.095181
85 57 0.666934
64 29 1.555305
11 32 1.68643
12 57 1.380463
78 95 2.233239
5 86 3.272371
4 82 4.973026
5 96 4.723162
53 47 0.313638
93 19 3.369607
22 18 1.230699
24 19 3.276213
34 72 1.530614
74 99 3.517235
26 65 0.243382
48 97 0.552979
51 16 4.56388
91 64 4.645946
46 40 3.626234
12 100 0.68201
59 1 2.739161
94 38 3.96387
65 62 1.071104
96 7 0.629365
76 61 0.910542
14 71 4.719966
73 13 1.78271
76 80 0.899621
26 64 2.912454
24 99 1.116063
6 21 3.353497
34 71 4.355326
13 86 4.028949
72 13 4.467806
85 48 1.784052
35 18 4.680144
0 41 3.648358
69 53 0.866758
32 18 1.758836
82 31 1.597314
27 19 0.565559
18 58 1.492935
17 13 1.388286
78 4 1.53205
19 15 1.200518
50 49 3.605104
39 53 2.654253
44 78 3.374176
93 4 2.114308
83 8 3.232772
97 15 1.772663
56 53 1.459642
82 47 3.138608
64 73 0.858411
51 56 3.524233
47 85 4.824084
42 85 1.583894
65 72 4.616094
59 51 1.131881
15 88 0.62948
23 64 4.109032
54 49 3.218924
8 100 0.26391
79 55 4.808482
71 11 1.08727
95 43 3.070039
49 8 4.359561
47 1 2.929589
2 76 3.493217
89 24 4.202392
16 63 2.271303
84 25 4.734621
72 66 2.187286
42 32 0.240558
1 13 3.413417
1 21 0.603411
53 17 4.748254
0 14 0.725373
10 94 4.362941
59 9 0.477855
38 60 1.075428
49 1 2.949007
93 88 0.441309
6 13 2.748475
93 83 4.400091
21 23 2.949409
23 75 4.580169
94 73 1.532753
19 40 3.898044
50 39 4.332964
53 34 3.24025
3 40 1.773358
2 81 2.810234
17 65 3.997983
73 32 0.439716
4 49 1.402884
9 78 1.689365
8 52 4.333697
20 2 2.419569
37 2 2.070985
17 95 4.428681
17 98 4.530131
19 13 0.321255
91 39 3.942205
82 56 0.298019
73 55 1.769345
74 10 0.190755
58 21 3.178255
51 86 1.403242
8 31 0.859087
9 16 0.938301
96 95 3.606829
21 32 2.083587
65 10 2.564473
39 13 3.893414
28 43 1.827649
93 73 3.447453
10 18 0.674393
86 37 0.926983
27 18 1.987063
40 54 3.12669
70 40 2.538789
45 55 4.371945
51 83 0.870379
85 44 2.878868
4 15 1.89592
74 50 4.877755
6 72 1.870814
30 29 4.663413
63 25 2.272302
88 86 4.563839
94 34 3.631909
8 85 1.653592
19 61 1.609909
8 21 3.907081
80 100 4.203734
65 43 0.926013
74 25 1.635542
27 43 2.61256
45 52 2.153082
28 73 0.562977
32 59 0.479101
59 16 4.437783
66 25 1.940863
50 60 2.93708
31 56 3.261431
36 79 2.234673
36 13 2.36794
69 5 0.316023
98 58 3.477514
11 69 3.250024
17 62 0.398405
1 78 0.021985
78 86 3.065155
33 56 2.729095
33 17 4.525047
24 34 4.58184
90 99 3.439864
71 33 2.965276
15 67 2.952357
