68 41 2.218704
94 5 3.601181
42 73 0.9213
44 29 2.288458
100 45 0.39569
36 98 0.638567
76 58 1.042956
78 1 3.189167
35 82 2.436398
81 35 4.88834
64 2 4.781402
18 39 3.507479
98 74 0.543614
14 69 1.473224
24 84 2.496417
86 0 0.582407
93 55 4.148649
16 88 4.934936
46 69 3.320128
59 95 0.736976
68 16 1.988871
0 65 3.725777
86 25 0.700401
16 54 0.342374
44 12 1.839851
2 73 1.083545
82 56 4.780609
91 13 3.541901
34 45 4.559327
79 78 3.273375
26 35 0.208865
7 21 3.95245
2 72 4.797776
36 100 0.697127
28 57 3.384937
89 34 1.897672
55 52 4.568208
81 11 0.345913
67 12 2.522609
56 5 1.70275
3 96 4.388565
96 73 3.61569
91 56 4.735431
21 64 1.346492
69 61 3.983655
99 94 4.339669
95 52 2.146534
58 20 1.104857
70 81 4.747535
0 78 4.778891
95 78 0.349588
65 52 0.424111
90 58 4.667098
92 80 1.89074
1 19 3.945496
59 35 1.748493
68 31 1.241784
21 64 2.963914
37 9 0.336906
74 55 3.309465
76 50 0.22651
85 84 2.770446
33 17 3.543476
3 85 1.483086
46 15 0.190604
75 15 2.819301
1 99 0.641524
14 61 2.631217
7 49 2.535693
67 83 4.928293
69 65 3.811641
36 30 0.708839
57 18 2.963765
2 83 1.274289
54 96 1.968426
54 75 2.96778
64 65 2.017031
39 53 2.982818
6 53 1.824568
57 56 2.724391
39 30 4.194691
40 17 3.894641
100 92 1.62194
13 81 4.9341
41 33 0.63304
84 22 2.209705
36 44 3.705985
63 83 3.219938
18 86 1.84005
48 39 2.930123
31 9 2.493729
9 85 4.622782
44 8 1.534183
76 33 0.0167
32 68 2.285373
46 3 4.026917
1 30 4.934653
80 24 2.779557
78 9 0.322284
75 42 1.820189
47 5 4.179467
91 44 3.297587
25 31 3.52499
1 53 1.48083
38 74 4.404686
39 51 4.858545
61 72 1.793638
86 60 1.103794
41 29 1.08292
15 91 1.376541
43 16 0.227588
47 66 0.446035
18 15 4.69985
1 93 2.469269
81 100 3.028931
16 50 0.479248
74 24 4.974154
81 17 2.182115
2 28 4.945033
63 77 0.834516
57 85 1.844754
63 2 2.105058
81 85 1.545735
94 79 2.644361
35 3 0.345809
71 58 1.213194
12 7 0.944708
100 73 0.796963
34 40 3.201574
65 12 4.938228
49 59 4.893885
89 30 0.90468
47 66 0.028044
24 61 3.200162
84 75 3.202127
16 45 3.896442
54 88 2.477943
20 89 4.312343
52 2 1.108416
5 10 4.028883
56 53 2.745941
10 14 4.459358
57 90 4.795256
26 12 4.566545
52 51 1.264577
83 3 4.798456
95 51 1.73994
87 40 1.083875
67 58 3.680165
0 76 3.33907
11 89 3.564278
52 4 1.427683
39 1 0.901595
46 31 3.117136
85 91 2.608214
68 10 4.517136
37 72 1.666417
89 51 3.564245
63 30 2.476094
28 47 4.348667
38 73 2.658136
98 25 3.435957
32 53 3.763373
93 51 3.033713
100 16 2.131771
70 96 3.668838
33 17 2.360021
30 55 0.061048
57 77 2.637661
59 55 4.482328
69 14 3.357239
90 44 1.521393
95 88 3.506932
77 80 4.357303
71 22 3.452742
67 16 1.095719
62 23 3.125037
43 91 2.012531
77 12 2.049265
72 2 3.797546
75 66 2.157659
55 41 0.993812
93 83 2.279247
17 63 1.739365
1 27 4.0286
34 2 4.562232
9 29 2.897936
18 37 3.977876
85 81 0.407383
26 99 0.056443
0 37 3.433764
66 42 0.218452
32 28 4.619379
84 70 4.352981
27 73 3.120118
28 39 0.322243
35 32 1.256672
7 44 3.103863
1 11 4.272907
60 68 4.678678
48 36 2.879476
63 39 2.749581
10 45 3.636923
67 2 4.927814
43 47 0.282543
68 12 2.164477
77 4 3.369628
8 63 1.849648
23 51 1.085504
98 55 2.922291
37 54 3.056583
34 62 1.771564
84 89 0.855652
70 55 1.915965
41 39 1.838861
99 49 1.455614
56 75 4.986085
23 38 1.223485
80 79 3.772396
100 67 0.697119
49 4 1.840202
25 49 1.958031
57 1 1.50755
23 8 1.993468
81 1 0.515015
80 14 4.076668
15 47 1.508792
76 64 3.566299
67 69 2.869675
68 63 1.337858
42 87 4.886289
0 7 4.161724
95 98 0.153027
49 37 1.054909
36 15 3.202639
96 44 0.531205
33 82 4.636412
53 69 0.195684
63 90 0.980851
82 0 1.139049
90 9 0.862652
98 76 3.111687
60 4 0.961129
26 41 4.201995
67 14 4.551694
12 11 1.178639
11 54 2.075806
41 89 3.009238
10 51 3.243509
13 45 2.248066
80 71 3.570861
29 88 1.394678
48 90 2.252944
85 31 4.800018
14 12 1.042448
67 5 4.314238
87 30 2.869866
69 85 0.991396
88 24 3.91762
75 28 0.083761
24 33 0.506521
68 80 4.414963
51 97 1.535627
40 6 2.98353
97 91 4.935576
96 19 1.10686
53 60 0.525355
89 97 1.25861
36 49 0.525093
95 48 4.391927
56 1 3.272602
51 96 2.358302
45 85 4.503343
21 49 1.91264
27 23 0.214814
15 100 4.501839
91 20 4.819742
88 67 0.183123
78 6 4.790418
20 4 1.03341
33 89 0.983231
74 76 1.94988
46 88 1.007325
98 45 4.478495
53 14 0.151434
71 25 1.648595
21 93 0.98616
18 68 1.363126
32 35 0.078897
52 7 3.632056
31 8 4.306889
94 79 1.285586
24 16 0.819175
74 40 1.332936
49 77 2.340904
86 70 4.397595
2 98 0.712695
3 85 4.599856
41 54 0.229008
43 38 2.773586
60 21 1.917093
8 92 3.668565
68 13 4.794097
100 29 4.086712
69 67 3.499537
36 37 3.27868
62 69 2.972561
72 47 0.436432
47 31 3.426085
0 91 0.402834
46 38 2.986679
69 38 1.128628
24 68 2.74858
78 82 1.936483
25 67 1.31482
5 71 1.127536
63 98 4.54845
39 15 1.505259
2 25 2.719918
68 96 4.663534
85 7 3.067476
1 27 0.369305
89 0 4.890783
88 86 1.314502
12 42 3.686988
32 71 3.863923
99 26 4.325716
13 47 4.800621
14 69 4.354516
26 12 4.106211
13 55 0.937657
11 26 4.192545
87 99 0.524987
6 71 4.920059
41 79 2.558306
77 71 2.114581
86 78 3.998348
48 50 4.122382
23 82 1.935142
43 29 1.766952
35 88 0.453842
60 43 3.952606
98 11 3.004362
92 41 0.081384
71 31 1.869917
95 72 0.979684
29 84 1.934913
41 55 3.763542
30 6 2.620297
33 72 1.695593
84 83 0.661933
13 100 4.068295
51 25 0.543489
78 23 1.584187
68 63 4.493616
43 93 2.032386
18 51 4.31043
91 3 1.03097
58 40 3.693989
35 10 3.261123
83 98 0.085535
55 17 0.258129
20 52 4.28188
48 26 3.851716
16 97 1.952493
8 62 1.570027
0 60 0.197632
6 88 2.413556
41 85 4.163263
21 83 3.249131
25 18 4.574153
8 27 4.64925
64 76 3.52235
13 17 4.026693
53 31 1.624758
95 98 1.915521
69 11 4.167607
14 32 3.348844
85 33 3.83874
26 97 4.841058
85 13 1.864308
74 14 1.231419
24 50 4.410933
65 46 2.54474
71 21 4.773272
82 81 0.619739
74 23 1.543609
38 88 2.196823
36 0 4.77115
20 85 3.214209
55 0 3.530133
87 14 0.110111
69 61 4.227806
14 79 1.616715
50 47 2.016308
94 46 2.433362
59 56 1.914138
23 16 1.527584
16 6 3.623488
60 2 4.753903
55 7 3.476839
80 45 1.957987
16 78 4.445734
19 22 1.462654
47 95 3.541437
74 65 4.293453
72 31 3.486071
25 34 0.88092
55 34 0.953248
36 23 4.001666
55 15 4.357873
12 81 1.500564
9 36 1.941618
14 15 0.936828
29 78 4.211335
68 69 2.04629
16 73 3.682533
29 26 1.249744
9 28 3.763492
34 20 1.041546
26 0 0.217681
77 45 1.150021
92 98 2.993298
85 52 1.43004
45 29 0.279645
99 97 1.989271
54 18 2.27099
15 76 0.109887
60 64 0.163014
4 62 3.412656
49 53 4.489266
99 74 1.746615
24 40 0.444444
94 3 4.144333
8 67 0.33183
86 64 3.139149
87 36 2.088133
12 59 4.296001
61 21 4.680616
71 35 0.066247
10 19 3.485336
95 2 4.178952
26 57 3.828775
60 48 2.044077
18 80 0.465676
51 98 0.714212
14 66 2.116671
20 80 2.607722
98 51 0.968361
89 13 2.374552
95 79 3.507753
37 84 0.804323
16 74 3.122473
18 97 2.353676
49 13 0.113616
2 69 0.421207
67 32 4.261262
14 63 3.690904
38 72 1.102403
63 62 4.34116
85 61 3.494876
84 44 0.993826
63 14 1.681536
42 65 4.819668
54 17 3.480863
27 100 0.704462
81 50 4.868051
9 47 2.24911
18 67 2.889512
67 74 1.435576
3 7 2.701241
76 18 3.914738
66 18 4.415357
65 67 3.870295
36 97 0.202932
56 33 4.955945
24 4 4.742819
22 8 4.29182
18 71 2.715667
44 47 3.081892
39 63 2.048498
68 62 0.328947
83 13 2.230175
99 24 1.53428
79 16 1.699943
50 44 4.790652
100 7 2.80007
43 61 2.934102
75 92 3.747873
15 39 1.359598
1 27 1.55557
17 11 2.799426
43 58 2.076287
22 24 1.81828
31 9 4.886862
90 3 3.152181
92 35 1.00892
1 88 1.450517
22 100 4.310939
9 77 4.757026
