63 37 0.927653
69 21 1.211088
78 58 0.713473
10 20 3.633856
91 19 1.023814
66 65 4.276342
59 92 2.75718
98 19 2.338981
26 70 1.689151
75 39 2.780661
61 9 2.889384
86 25 0.391293
95 97 4.801236
34 46 0.410352
20 70 3.202517
34 36 4.943577
13 88 1.709064
99 47 4.675015
48 12 0.370946
50 97 2.656083
20 53 0.939675
50 96 3.324036
84 41 0.096622
23 5 3.548101
99 68 2.00496
12 92 2.433901
18 87 1.824061
0 27 3.560749
12 44 3.713885
33 86 2.483738
27 18 2.670921
11 35 3.076945
34 91 3.918899
40 50 3.112196
71 65 3.865095
33 47 0.720739
89 95 4.853162
29 91 2.971981
13 82 2.243994
73 54 2.663001
55 40 3.311465
51 76 0.744786
97 18 4.673204
62 12 3.275259
82 84 0.471494
38 69 0.581001
8 17 3.964047
55 88 1.21121
19 25 1.776856
91 44 4.093423
29 51 3.734517
21 69 0.921901
72 86 4.748249
32 33 2.28156
60 0 3.101176
73 93 3.409181
47 38 2.700833
82 72 2.631569
99 66 3.140328
44 36 1.00662
56 65 4.073317
5 57 2.086003
98 40 2.443292
18 1 4.052811
20 97 2.339331
3 31 4.221163
46 39 1.723313
49 75 0.006602
25 18 4.104211
66 64 0.96448
92 8 4.538327
48 38 3.22621
29 35 2.719062
87 69 4.976184
42 76 4.387879
48 34 4.824037
2 67 4.320765
55 0 0.067512
10 98 1.851608
62 51 0.837416
53 31 0.905425
25 64 1.838348
12 98 0.174478
90 54 0.073985
34 56 2.746127
43 90 1.699186
48 95 4.116331
59 35 3.122647
47 81 1.972469
19 1 2.989542
60 3 1.26918
43 4 3.204609
24 22 0.128928
4 50 0.325495
29 82 0.684715
78 10 0.400585
34 96 1.252312
31 75 0.623839
64 62 1.395399
34 9 2.60758
49 1 4.094374
94 85 1.786124
49 38 3.769432
71 45 0.995499
67 3 3.35904
3 42 4.757164
20 99 0.277854
12 3 0.503904
5 10 0.749455
81 89 4.355815
74 51 0.358072
58 98 2.377232
46 8 1.81999
100 56 2.059924
95 51 4.076155
20 11 1.820698
24 13 1.722034
2 11 2.385679
45 47 2.933898
21 10 1.205214
24 90 2.874764
36 18 0.240961
23 84 3.331786
29 27 3.480501
79 42 4.363473
26 71 4.327035
79 28 4.963487
22 83 0.759116
34 27 1.417911
67 87 1.178868
73 62 3.998947
60 48 2.638474
89 3 4.564115
16 29 2.158513
92 71 2.046432
96 23 1.527756
56 3 4.158315
16 27 2.949962
58 38 3.962466
17 43 4.617529
83 100 4.252651
21 28 3.829141
75 96 2.151405
86 37 2.228117
92 88 4.401451
80 34 3.254399
39 42 3.715597
51 87 1.909309
82 47 2.291342
49 18 2.545296
3 11 2.806158
66 36 2.99104
16 19 0.390484
16 27 1.937628
87 46 0.734762
21 16 1.14781
69 26 2.435824
50 10 0.270713
3 85 2.293119
87 35 4.845585
27 21 4.955428
34 51 3.044831
19 13 1.113798
40 78 4.189383
20 70 0.239327
23 40 3.957829
99 66 4.634492
72 19 3.829478
15 46 3.17337
38 30 3.501824
82 25 4.700391
36 32 3.914729
43 53 0.64126
84 40 2.732122
7 74 1.90149
16 15 3.678629
14 55 2.505352
4 43 2.207843
82 56 1.330539
56 25 2.210657
85 24 4.835984
46 7 0.092675
7 60 2.2486
31 89 2.33408
99 58 1.565583
61 0 1.545443
55 77 4.839723
46 89 4.959781
85 25 4.271458
10 49 2.314531
98 81 4.049593
84 99 3.135752
69 29 3.496783
60 11 0.588304
68 38 0.053599
54 82 0.00454
76 47 4.85921
58 54 4.668409
55 14 3.151544
100 35 0.512477
25 58 4.64225
33 74 0.844873
21 45 2.549932
39 51 0.011052
85 45 1.731691
88 59 3.770337
66 74 1.291958
15 85 4.70478
24 70 2.946072
95 46 1.972626
41 96 0.160776
50 64 1.531224
46 58 2.340131
49 39 3.562794
97 23 2.285751
86 37 4.932356
44 87 3.465224
76 79 3.224948
7 67 2.300497
10 15 3.525156
6 56 3.418163
40 45 1.803045
98 95 4.814923
18 55 1.565868
77 87 2.077702
94 47 1.807813
15 27 3.088001
41 19 4.3302
78 28 1.124926
52 94 2.680059
30 99 4.737418
70 59 0.084484
8 93 2.652979
43 77 3.126965
50 46 4.375982
87 57 3.87225
58 80 1.477465
76 36 0.58038
30 69 2.396717
50 68 2.632033
17 70 4.671069
60 59 3.202094
37 93 3.477326
19 29 0.363834
58 33 3.752216
73 31 2.940783
10 28 3.947567
49 38 4.215825
83 57 1.535148
80 13 2.892088
16 84 0.053122
10 12 1.151439
18 26 3.139503
31 72 4.020817
40 75 2.683413
93 25 3.221611
61 66 4.203366
100 73 2.31561
92 79 4.853283
97 59 2.477879
80 24 2.863978
61 79 0.485809
4 62 1.997845
35 40 1.953342
74 78 1.964887
72 97 3.436404
85 87 3.54816
28 99 2.787518
49 26 4.670491
23 3 3.728165
24 36 4.166483
94 13 3.083173
40 64 3.801229
61 2 4.922327
56 59 0.168128
78 5 4.194886
68 67 2.307909
27 90 3.895313
81 16 2.844704
33 37 3.556018
60 25 2.382379
75 21 1.642159
33 94 1.250234
20 23 0.400259
18 56 3.855397
23 47 4.661591
71 52 2.052063
91 63 3.677422
50 12 3.381746
47 19 4.455754
11 14 2.120673
24 99 2.87007
68 47 3.986173
47 68 3.155751
76 49 2.807125
90 50 4.953643
91 64 2.476638
48 97 0.957829
82 23 0.686637
10 83 2.734187
