71 72 1.706136
14 53 1.024319
38 100 3.409744
5 11 0.337481
11 62 4.408938
48 21 4.29252
40 19 4.898662
0 58 0.704493
17 22 3.506529
45 99 4.223564
41 66 4.850371
47 92 0.434184
76 35 2.725484
43 59 2.208657
23 31 3.779503
54 42 0.324311
71 62 1.854135
26 89 2.353611
90 57 3.961788
40 34 0.268246
13 95 1.521494
25 66 0.868909
17 43 3.680811
88 43 2.546073
8 22 3.05402
74 69 1.274854
6 2 2.516767
93 58 3.503472
100 34 4.282458
35 14 1.369953
53 33 0.86996
74 90 4.307564
58 71 4.416765
20 44 4.726034
12 83 3.802518
40 60 2.544981
23 25 1.257683
9 33 4.816265
36 1 1.060648
33 66 2.38788
45 22 2.059453
93 43 4.689951
26 39 1.571215
34 86 3.222692
34 23 0.795728
85 26 3.981227
78 70 1.338647
8 25 4.2223
10 92 0.362187
88 11 0.069831
26 41 1.475358
12 51 0.080098
87 3 4.676416
45 54 4.917339
47 55 0.864014
43 77 4.441319
93 51 2.298437
70 27 4.682211
20 30 0.732038
40 79 0.135419
28 19 1.093929
10 60 2.465618
11 73 3.400612
86 13 0.226497
43 6 1.725342
45 28 3.431212
54 35 1.443967
95 58 3.411889
56 94 1.840157
3 8 0.733026
18 25 0.070311
27 28 3.60695
94 98 2.705413
5 43 4.641951
66 43 3.094297
69 41 0.488622
41 83 0.676449
37 43 1.662061
29 10 0.107745
79 29 0.409844
89 61 1.060563
92 64 4.308447
62 48 0.513118
95 3 1.456703
51 44 4.739949
14 30 0.352599
37 23 2.343922
10 19 2.845969
94 68 3.016758
43 91 4.623971
11 26 4.185116
3 1 3.49798
5 43 0.682091
77 16 0.85207
83 27 2.219732
51 76 2.389534
44 19 0.592667
24 71 0.236009
47 5 3.75755
34 5 0.16059
71 98 0.028968
3 29 0.787513
43 58 1.151076
60 53 2.119592
96 30 0.170303
76 65 0.693091
55 8 0.693967
68 87 4.75532
37 13 0.676241
10 17 0.624723
38 88 3.967685
61 50 0.892244
0 12 1.32789
88 12 1.551674
91 71 2.609049
38 12 4.252505
68 24 0.92874
59 15 1.00765
87 16 3.549212
81 74 0.372354
49 11 1.399953
29 57 3.551998
70 50 1.619901
3 0 3.31559
37 34 3.993361
54 92 0.241181
25 23 0.329944
40 35 2.168346
89 73 4.077733
36 58 1.70814
57 16 0.82004
63 55 3.614626
47 75 2.720844
86 72 0.034955
78 21 3.515403
70 13 3.074145
31 62 2.169473
48 29 0.082572
11 22 0.714675
80 58 1.021016
7 13 1.190634
83 80 4.529537
57 54 0.383784
15 53 0.796965
54 91 3.950358
99 29 1.816855
25 73 0.198691
60 9 4.76225
29 41 4.848434
27 43 0.777196
44 1 1.766683
76 27 2.788236
61 66 4.759832
19 72 2.418919
69 28 2.973423
45 61 2.463825
25 58 0.60076
5 99 1.19884
54 57 1.08066
35 15 3.092885
28 20 1.427688
71 95 3.668138
64 69 0.626118
57 44 4.049562
74 16 1.300545
36 84 2.11664
59 85 1.895699
59 57 2.883824
94 27 4.589682
68 92 1.280713
37 35 1.837293
90 2 4.610499
17 35 0.010722
63 33 2.249183
10 35 4.872186
36 23 3.896171
70 26 3.960618
92 79 4.866601
18 77 2.275607
10 81 3.649095
52 58 1.110034
48 26 2.514018
10 90 0.884455
88 76 0.109872
22 15 2.542668
72 68 1.575059
57 96 4.168979
68 77 3.445729
44 13 3.715664
60 29 0.669263
24 56 0.21421
81 64 4.458242
38 25 3.425125
8 69 3.55026
16 63 1.397131
33 95 0.692652
32 10 0.249932
27 66 2.440592
49 70 2.17319
18 25 4.979278
22 45 2.673447
49 59 1.780264
40 3 1.213376
14 63 4.432432
22 30 3.429825
21 24 2.082698
99 5 2.592316
57 44 0.71401
54 19 3.887322
38 8 4.528466
76 11 0.388012
12 82 4.233173
47 19 4.373685
4 49 1.324205
58 5 4.122112
53 86 3.074758
7 39 2.719041
88 97 3.35645
11 100 0.380096
57 65 2.70627
63 36 0.667203
92 34 0.932564
39 35 1.913654
23 10 3.789184
47 97 0.604034
36 82 2.099786
5 85 0.359349
72 81 0.760714
77 35 0.563002
89 84 1.993252
87 2 1.10922
29 14 4.549107
17 90 1.819686
90 77 2.819567
93 14 3.9849
64 92 2.615548
96 41 0.590963
81 21 3.933355
85 41 3.695138
39 89 3.311519
38 98 0.31155
32 59 2.583815
3 67 0.776908
53 73 2.674949
64 9 2.524772
29 72 2.669783
55 90 4.812345
17 99 4.862458
61 27 1.454369
65 64 3.377985
100 90 4.070929
53 32 3.36597
57 72 3.203166
36 57 4.130342
28 52 2.844542
8 36 1.174266
2 63 3.465965
87 80 3.293106
82 36 4.999797
24 16 2.072393
12 44 1.629526
71 30 2.967942
26 56 4.105088
59 95 3.693454
57 71 3.999318
16 91 3.935951
38 29 1.827734
20 65 4.100941
51 49 1.517673
73 93 3.923884
3 100 3.464277
35 28 2.123696
90 29 1.245375
74 19 3.710273
44 59 1.338142
42 47 3.735309
0 34 1.707619
96 28 4.253861
63 92 3.273296
100 10 1.17029
49 36 3.104287
89 43 2.244091
69 95 0.329082
70 87 0.778688
20 86 2.960647
22 17 0.179681
31 53 3.929972
78 73 1.366738
36 7 3.66495
8 17 3.557531
96 59 4.890165
31 43 3.76217
40 81 1.37305
73 80 4.618179
98 89 0.574199
10 26 2.046893
7 11 3.052021
11 37 2.984682
87 49 4.473465
9 87 2.783789
16 18 0.036969
87 89 2.40368
16 89 0.229824
7 29 0.133515
67 32 4.469946
92 12 4.441609
26 53 3.498656
82 59 3.804602
74 37 2.282278
76 93 0.590487
40 59 0.47631
53 33 1.953646
41 51 0.063658
48 24 3.676918
16 69 0.998815
68 6 2.349124
50 81 1.222479
1 38 4.47074
27 34 4.278745
8 87 4.518677
90 29 4.5035
30 7 0.236271
57 90 0.026063
83 73 0.525103
91 19 3.249799
68 52 3.363725
89 78 2.732489
96 6 4.562981
58 56 0.121542
65 3 2.251395
71 13 1.419286
44 92 1.789775
59 40 1.545019
22 93 2.297336
87 100 2.126354
26 15 1.528024
23 93 3.312883
61 6 1.618184
96 82 3.825005
93 42 3.835929
0 28 1.367131
67 25 4.924005
21 79 0.721599
46 76 3.157514
72 84 3.617159
48 23 2.722966
69 74 4.749863
30 58 1.369598
84 87 4.388229
61 52 4.995912
67 51 0.358018
16 78 1.351665
40 29 3.672186
68 6 4.439526
94 50 2.007883
21 85 0.616208
75 53 3.543217
74 97 3.306471
39 1 3.077297
58 59 4.179884
34 99 4.453522
56 65 3.226896
90 50 3.250996
40 32 3.19149
55 4 1.231663
11 82 2.087826
2 33 4.622032
8 58 3.47661
87 43 1.776102
97 37 2.682277
40 97 3.605381
75 23 1.420111
21 17 0.955825
83 42 4.087863
48 7 4.436775
65 47 0.312979
99 96 1.365553
62 83 3.070905
96 35 0.173184
100 45 4.535702
95 0 4.353098
84 67 1.622217
33 15 1.955929
55 4 2.525088
35 69 0.103286
15 77 0.262371
36 25 4.963885
17 22 0.920311
5 15 3.624348
99 97 2.342056
19 95 3.319191
74 3 0.731043
89 47 2.241728
45 87 3.514449
16 96 4.260898
6 33 3.620079
28 55 2.533785
75 25 3.192641
78 69 2.334227
52 39 0.616047
55 46 4.509917
93 3 0.942553
85 13 0.475418
97 34 1.55386
93 100 3.714994
98 62 1.505885
88 85 2.429472
23 28 1.444765
52 45 2.074627
2 8 2.987355
97 98 0.687194
94 31 2.26084
24 55 1.196149
33 16 0.726723
70 20 2.930388
85 56 1.725594
38 1 1.585972
31 30 2.081926
11 68 2.954828
97 100 3.122719
67 29 4.410395
42 99 2.304884
45 66 0.268451
83 84 0.440692
36 6 0.016652
27 10 1.736761
18 10 4.700659
6 23 4.387511
34 35 3.116297
29 40 2.449156
2 19 3.35823
70 17 1.310709
73 19 0.837338
84 93 1.095726
55 23 3.679921
44 67 4.568985
27 34 0.568816
13 11 3.928124
57 82 0.857785
32 56 2.325493
9 94 4.648377
16 90 3.127288
58 42 1.632643
8 15 3.129886
32 37 2.970507
67 31 4.366258
36 51 2.285229
52 31 3.485573
39 7 1.350014
91 49 4.38025
52 23 1.684321
44 23 4.144016
98 14 2.116883
25 84 0.301358
94 60 4.817621
89 52 1.193208
50 15 3.962637
73 50 3.827174
13 25 4.443196
9 81 3.862091
27 35 2.678421
98 29 0.905898
27 85 3.096705
75 93 3.834654
5 86 1.760696
7 30 0.682427
45 64 3.454287
63 52 1.495913
36 32 4.468322
11 26 3.478143
16 74 1.371642
82 50 4.841882
71 0 2.565237
19 45 1.136649
66 77 4.797089
63 38 4.599731
15 33 0.539437
32 94 2.879203
95 49 4.230033
43 75 0.67227
98 67 2.211106
6 76 1.464117
55 77 1.210717
56 66 4.682228
56 24 4.009242
19 81 2.923989
50 88 1.963809
92 67 0.067455
56 37 4.621562
51 62 3.880229
35 99 4.060253
63 14 4.705749
100 31 2.726078
58 17 1.274274
73 86 1.513211
84 91 4.82116
45 49 1.947034
43 15 1.523684
96 83 3.104721
48 68 2.941846
55 98 1.462505
17 12 2.812331
11 9 4.034639
8 75 4.286072
56 87 2.839421
80 69 1.736637
98 65 0.974482
49 7 2.847673
75 62 2.213934
42 67 1.913131
80 50 1.68769
94 37 0.017843
51 38 4.692737
80 29 3.402034
0 34 1.609889
23 66 4.748489
37 60 2.009129
95 15 0.388404
57 62 1.39085
48 45 4.680105
83 98 1.433831
97 88 1.249044
26 31 0.732489
5 54 2.60076
64 37 3.460098
73 17 0.724867
67 40 1.758216
44 51 0.325293
26 37 4.110128
27 70 0.096699
39 16 2.450301
26 7 3.382214
63 82 4.188916
66 82 2.653186
4 44 2.446565
95 77 0.987762
28 9 4.127024
4 65 0.8325
34 73 1.840595
86 71 2.214398
71 5 4.420177
93 78 4.917048
49 10 0.657475
62 27 0.452043
9 48 2.445608
52 67 0.857658
8 51 0.113977
57 67 4.76774
46 85 1.132406
91 0 0.772429
82 24 2.346359
77 26 0.226738
8 28 2.930834
42 20 2.62218
58 34 3.389392
31 85 3.252204
66 57 1.365078
8 57 2.494129
59 36 2.796409
16 44 1.789964
85 5 3.666233
20 79 1.228879
32 5 1.826287
89 29 2.23154
43 24 4.859907
75 79 3.090744
98 96 3.7408
23 93 3.452931
53 51 1.191327
54 33 0.367796
78 50 0.955646
74 73 4.684827
93 85 3.002985
72 8 2.286184
79 30 2.089208
96 83 4.233284
81 39 2.258634
60 90 4.943984
54 19 1.52979
48 85 2.816425
81 72 1.181473
70 27 1.133424
48 55 4.64918
25 27 0.618356
43 6 0.059468
77 60 0.096451
33 96 1.447814
28 39 4.02935
38 48 3.094685
78 87 0.531634
13 16 2.527892
82 64 2.657154
88 20 0.419703
57 74 1.402496
59 6 1.081112
69 97 1.146188
76 50 1.002175
83 50 3.069589
16 18 2.063145
71 39 3.910077
78 88 3.775113
13 64 1.63398
37 50 4.844157
97 76 1.545355
61 75 2.341919
46 87 1.514797
48 42 4.468001
75 8 2.65342
4 55 3.096069
100 49 3.602385
37 23 4.321326
29 97 4.51324
94 47 2.726526
17 34 3.654203
26 53 1.770191
17 51 4.391149
27 2 2.302226
50 100 3.324199
7 17 0.499461
43 14 4.119602
63 3 3.580193
53 52 3.024958
5 35 3.296168
79 68 1.30099
96 97 2.14774
50 57 3.064596
98 8 3.869269
86 9 3.885832
45 64 2.646826
88 25 4.58848
51 15 1.298997
55 93 4.706313
96 94 1.115722
86 79 0.860689
5 78 4.078072
19 92 1.258529
82 10 2.320741
33 76 0.534601
49 25 3.966546
44 47 4.329985
76 21 2.602569
60 18 2.355571
26 5 1.798518
11 50 0.326204
92 90 0.166362
97 29 1.0786
73 14 3.342625
60 70 2.544811
79 7 2.477015
48 83 4.225151
0 77 4.104913
53 8 4.548369
48 15 3.800157
84 12 4.071734
63 19 1.408259
62 38 0.024837
57 34 1.535155
83 19 3.663995
10 42 1.654367
1 89 4.330936
45 15 0.72642
58 36 4.545822
93 38 0.897913
50 15 3.243855
55 41 3.113838
81 40 3.638902
45 84 1.835346
87 41 2.776647
22 47 3.800471
24 35 3.890925
33 22 0.861745
11 6 1.057792
8 11 4.571265
2 20 2.839925
8 14 0.550367
15 77 3.087648
28 9 3.318765
90 55 0.866223
86 27 4.04581
2 37 3.715273
61 18 0.952573
79 25 0.6128
53 61 1.829889
61 88 4.042419
70 7 4.520021
42 20 4.30574
16 35 2.542752
84 30 3.350602
20 0 2.881262
97 66 1.216493
45 100 3.899965
53 52 3.040136
88 30 1.244322
38 93 2.675837
85 33 2.524169
31 84 3.904205
71 41 4.407739
4 89 4.585071
95 32 4.650447
17 66 1.934413
57 29 1.501192
87 43 4.101426
70 48 0.504001
95 3 0.661144
79 21 4.79745
31 68 4.587256
36 20 1.407817
99 15 4.024857
27 22 0.819305
13 64 0.911163
54 43 3.378796
62 2 1.688774
67 68 3.436912
57 96 1.716923
26 88 4.101706
35 90 0.205315
22 82 1.354048
29 61 1.820238
0 66 4.731228
17 26 4.301135
45 8 4.828248
3 21 1.168239
4 99 2.625796
55 1 0.525879
16 92 0.585356
48 42 3.313439
78 0 3.995701
37 83 4.840792
88 73 1.010241
42 73 1.954712
91 42 0.767927
37 5 2.526414
42 99 3.817622
6 30 4.814592
0 17 0.961367
10 94 4.546373
47 39 0.931324
33 15 4.364762
18 99 2.127994
31 35 3.756325
100 60 4.392486
42 91 2.514365
100 7 0.273625
22 10 4.058761
94 37 4.548657
35 17 3.647565
27 41 2.826978
70 82 3.096513
78 75 0.018003
39 18 0.764635
7 59 0.953404
95 64 1.97095
11 9 1.836472
65 85 3.818488
56 41 1.905908
95 61 1.170428
86 69 2.800528
6 23 4.263092
57 36 1.353892
26 57 3.31921
88 35 4.680217
21 100 0.464994
1 12 0.531056
78 18 2.043738
4 74 4.118257
46 40 4.942885
84 80 0.340968
89 10 2.991154
46 90 1.603563
3 47 3.637049
99 5 1.974487
62 32 0.515523
64 26 2.689435
21 0 2.880118
29 59 3.841652
39 83 0.070188
67 15 0.983823
67 31 2.015762
80 41 4.425466
77 73 1.910301
32 85 1.56662
41 59 0.473334
37 56 4.335637
97 79 4.184898
72 95 2.032156
2 94 4.55936
28 47 0.933263
42 13 4.109591
83 58 2.598668
52 53 4.533187
70 80 4.18754
56 89 0.508241
41 32 2.244632
12 96 3.768927
38 47 3.256046
51 18 3.247634
8 4 4.587184
74 38 0.394668
32 40 2.982905
62 29 0.53804
