57 2 0.467192
35 59 3.997532
35 32 3.732222
47 61 1.894588
16 46 4.508167
60 39 2.496007
33 0 0.976241
72 79 2.939611
40 21 1.915224
46 66 2.697433
21 55 0.389953
5 81 3.899934
30 63 4.855895
18 37 3.4856
56 7 4.327507
65 50 1.991905
1 22 0.958358
0 49 1.615164
61 52 2.360912
29 89 4.563854
10 68 0.452363
67 90 3.234339
79 40 0.028509
41 4 4.080991
85 38 4.855916
92 74 4.790422
43 38 1.539215
34 74 0.6963
86 63 4.034518
21 67 3.878136
14 44 1.009209
3 63 1.565879
6 46 4.288732
10 48 2.826816
61 66 4.941718
49 1 1.136919
5 50 3.047921
28 57 2.163863
71 77 0.174624
29 81 2.241939
72 9 1.93613
43 29 0.530723
44 80 2.767515
42 93 3.959377
24 2 4.29591
53 54 4.501165
46 52 2.996535
85 68 3.879428
92 98 0.556097
2 20 4.613802
23 44 4.482763
45 19 1.640896
13 46 0.049848
90 78 4.090074
62 50 4.726013
72 52 1.803
27 40 0.705592
30 44 0.011846
79 86 4.713774
0 47 4.886872
65 73 1.82509
78 16 0.364016
90 80 1.27836
21 15 4.380851
81 69 2.720227
45 8 2.08722
26 58 2.153787
23 97 0.600001
75 82 2.360827
22 69 1.447526
74 33 2.165124
5 48 2.608364
79 38 0.602542
92 8 2.820453
53 82 3.589503
57 15 1.198337
49 11 2.321257
62 69 4.132579
78 26 1.603696
22 95 0.634275
76 77 1.120692
4 72 0.393099
69 17 3.089311
46 50 1.328191
70 56 2.778027
54 78 2.865282
12 92 1.175432
35 63 3.145283
33 65 2.854014
15 93 1.028781
24 16 3.058134
24 4 4.076561
18 24 0.552721
10 29 4.211392
75 13 3.683265
23 94 2.734967
47 30 3.299495
26 75 4.941376
6 27 2.438626
16 65 4.699361
87 27 4.67073
27 16 3.160595
15 27 0.891329
40 68 2.973633
0 14 1.895708
86 2 1.62247
28 42 3.548051
86 83 0.217262
25 33 0.872929
74 20 0.101097
96 89 4.761279
74 22 4.024273
21 60 1.076388
62 32 1.207845
29 90 4.711991
96 46 1.656451
72 6 4.909395
98 27 4.45103
67 56 2.700084
76 49 3.556541
69 39 0.739926
51 23 4.552097
97 34 3.790711
81 20 4.726038
98 8 4.730913
34 52 0.13947
38 52 2.721364
81 17 3.315817
73 85 1.104914
82 42 3.473608
70 47 1.749289
3 39 4.933753
54 42 4.968065
5 40 4.723871
5 66 4.582292
34 66 0.849978
6 61 4.571013
56 1 2.007035
73 92 0.072714
63 83 2.421442
18 1 1.140461
42 91 1.128061
27 74 4.944974
60 83 0.276554
79 47 0.588569
59 58 0.499698
86 78 0.331599
58 41 3.026664
64 65 0.186995
79 84 2.000451
1 69 3.53028
1 48 3.906736
13 81 4.824417
6 68 2.968427
83 17 2.739318
55 56 0.566178
10 33 0.713137
16 94 1.021719
15 5 4.019391
48 0 4.78295
69 31 2.543335
100 54 1.992604
95 94 1.413863
97 82 2.925189
36 7 0.781105
24 10 1.347907
29 61 2.831019
21 64 2.911635
76 84 3.696279
49 95 4.528914
43 38 4.462682
48 24 2.158373
15 13 3.857292
35 54 1.627685
54 25 2.074139
20 81 1.710397
80 100 2.242093
71 81 0.618788
96 64 4.415314
95 30 1.924084
16 13 4.3675
19 26 2.333998
31 14 4.635485
11 28 4.44152
60 3 1.197439
45 95 2.086041
51 9 1.070525
37 82 2.726036
79 56 4.628408
16 79 1.160034
100 11 2.102834
48 55 2.414634
63 30 3.066881
15 33 3.785239
33 22 2.728854
17 60 2.508728
100 97 4.09438
25 74 2.665488
69 25 4.999136
53 84 0.799365
29 67 3.260076
37 8 3.426436
86 69 1.33332
100 31 1.762132
42 44 3.470144
27 23 4.136385
28 88 4.289754
22 39 3.671968
20 10 1.013908
58 31 1.954867
50 43 4.393519
4 63 2.807091
54 87 0.692273
100 96 3.295489
76 84 0.432147
10 81 3.515125
40 25 4.282181
47 94 1.803607
69 27 3.982055
28 84 2.923706
85 32 0.162571
89 77 1.666406
9 44 3.048496
38 85 0.523081
9 69 0.881338
15 41 0.45944
46 10 1.200618
93 81 3.509389
46 35 1.917168
30 15 2.337405
78 65 1.252127
62 83 0.523354
58 70 3.934725
74 6 4.931637
99 96 4.204524
31 21 4.647609
26 57 0.988254
48 11 0.704197
87 95 3.010773
18 96 4.339799
36 93 1.936978
29 28 2.528203
17 27 1.459525
31 72 4.125582
14 51 4.104562
67 22 3.578807
1 92 1.238213
16 34 1.911685
26 63 1.510532
64 10 4.786446
96 70 3.698532
44 28 2.515764
5 98 1.209152
52 18 2.015408
30 90 1.191821
10 42 2.995866
80 60 4.710992
50 45 1.771315
57 69 1.125854
81 96 4.575765
86 90 3.647031
74 17 2.202267
61 41 1.682158
5 44 4.910907
29 16 3.476019
26 9 0.842238
25 86 1.488818
42 57 0.754894
9 1 0.575686
65 72 0.782936
62 20 4.866256
84 18 0.796166
30 88 3.321521
95 30 1.489087
21 26 0.981201
89 96 3.462933
88 27 3.553368
82 56 2.229886
39 34 2.890353
79 7 1.087661
57 78 4.889824
45 73 2.864032
40 21 0.656777
41 44 1.924141
3 70 0.454685
48 58 1.536753
27 68 2.778024
93 59 2.814904
10 55 1.076329
87 21 4.832148
40 13 2.238015
52 94 3.935511
94 63 1.737434
3 61 0.765731
100 6 0.51993
16 85 1.358125
63 2 2.006706
10 66 1.519368
43 95 3.714657
81 80 2.31236
63 46 4.820353
64 38 1.130667
97 95 4.85769
93 89 3.110352
18 99 4.33424
4 3 4.390102
48 33 3.844329
22 98 2.998549
95 39 3.13561
80 41 1.776112
34 92 3.18337
5 67 0.651496
96 62 4.83214
28 29 3.739623
15 62 0.871392
91 63 1.10077
63 81 3.777454
82 25 2.619911
22 19 3.635744
66 85 1.435918
58 50 0.733312
2 74 4.936142
97 36 0.97445
41 87 3.704043
30 79 3.233755
20 94 1.881262
63 27 4.643115
92 25 0.932597
47 2 4.300999
18 26 1.226255
69 35 4.821485
79 82 2.86238
2 51 1.58278
7 40 0.69338
8 28 3.824571
3 46 2.584872
17 40 3.900509
51 46 3.747034
58 71 1.307626
22 11 3.214973
32 10 0.753339
65 14 2.923735
81 93 0.031188
51 37 4.754269
49 34 0.989445
20 67 1.961935
82 65 3.551277
60 77 4.570098
15 58 4.410039
78 20 0.515125
65 22 3.904972
21 71 1.377538
93 22 4.523455
7 43 0.394153
65 25 1.93575
64 69 0.079818
12 75 0.128811
72 82 2.141958
20 69 4.081065
13 55 4.189681
40 1 4.733089
83 69 4.188488
26 27 1.285066
28 21 4.457929
35 23 1.056151
26 61 0.218626
75 36 2.636629
77 28 1.725416
71 56 1.555066
24 21 0.671701
65 5 4.659069
65 53 1.114004
91 57 4.644946
46 66 0.586384
93 1 4.208962
24 71 3.37755
63 10 2.435993
9 53 0.911294
93 84 0.386031
45 11 0.491684
50 7 1.816924
1 13 2.496369
28 63 2.463377
88 19 3.347759
96 37 1.389583
58 0 2.130052
91 78 4.847097
59 19 3.030945
63 95 4.280605
77 27 0.765415
8 79 0.742132
11 47 0.688668
93 63 2.935404
61 92 0.331092
44 56 4.597627
82 45 4.527639
70 54 4.315162
5 62 4.342909
57 99 0.126276
7 37 0.962922
97 29 1.773867
9 70 0.911517
55 99 0.676109
38 2 0.396083
16 44 3.689357
12 10 1.753156
98 27 0.581223
84 11 3.89083
5 11 2.027705
15 57 2.8703
64 27 3.558989
74 4 0.062632
80 78 3.518704
18 72 4.037946
0 65 0.469537
57 27 4.535274
7 100 1.773961
92 12 0.259202
100 42 1.773506
35 97 3.982498
74 30 1.696589
49 81 3.396353
2 55 3.972104
22 82 3.636637
79 37 2.404872
86 48 0.439779
26 35 4.068136
3 53 1.847246
30 64 1.355899
66 90 1.837557
41 5 3.71517
23 98 4.649699
25 66 0.268842
87 27 3.209681
83 50 0.514079
63 77 1.772717
27 5 4.749501
91 25 0.717098
61 60 0.58349
45 82 0.068116
57 92 4.899135
56 79 2.677905
83 27 3.641286
39 64 4.205609
82 93 2.216877
78 12 2.939472
83 37 0.655957
92 25 1.757349
25 38 0.384731
4 85 4.702168
11 61 2.671792
48 19 3.531883
1 53 1.757743
21 30 4.197338
99 92 1.784053
69 54 4.511119
45 55 1.061519
91 21 4.713664
29 58 4.195079
13 34 4.694443
51 84 2.773134
24 33 4.824472
32 82 1.180073
24 99 3.90937
76 28 0.827614
55 80 4.264789
47 66 4.01889
66 50 4.157086
84 77 3.695478
19 53 4.329461
68 55 1.900533
31 62 3.832688
58 96 0.073724
90 84 2.499175
79 40 1.417561
91 62 2.304115
65 69 2.324952
43 27 3.688191
86 87 2.95787
69 24 2.796266
41 98 0.737792
54 74 0.996728
8 95 3.907674
4 3 4.072513
77 29 2.749858
7 8 2.732724
18 85 2.909135
73 69 0.894537
84 37 2.807376
50 16 1.127611
100 38 0.733992
62 13 3.379436
7 52 2.633488
3 86 4.537168
51 35 1.763554
11 13 3.328917
79 43 1.465444
63 2 0.239044
24 21 1.910743
10 34 0.78266
58 75 4.883694
97 88 2.733315
44 11 4.989699
66 89 2.848891
1 11 1.23697
17 32 0.212749
89 93 4.015528
78 75 3.630334
75 82 3.060721
53 52 2.505578
29 99 0.422275
3 35 2.072903
10 94 2.063295
57 79 0.388263
7 58 0.524761
35 24 1.810871
24 4 2.56324
19 16 2.539884
19 46 1.114084
6 80 1.525482
81 59 1.657218
6 19 0.185386
97 74 2.019277
80 38 2.649293
14 84 4.93999
100 96 4.868242
92 97 4.587442
16 48 0.862114
2 52 3.309105
83 58 3.615103
25 41 3.398362
56 31 1.953125
63 53 2.333021
62 96 1.233926
75 19 4.468114
13 88 1.382964
71 12 4.913432
46 54 1.365263
35 34 4.745414
49 36 1.30724
71 92 0.795102
15 81 3.032189
63 64 4.422968
52 56 4.709885
42 96 3.852505
67 38 0.865533
82 64 2.973917
33 10 0.828794
74 47 4.670484
21 56 1.591998
80 77 2.219321
90 43 3.960165
47 24 2.633221
90 61 1.387718
87 23 2.607265
74 15 1.941752
75 23 4.836915
25 20 1.397855
81 54 3.817299
87 65 4.392221
51 85 2.914562
61 45 0.485809
53 7 2.823295
32 50 2.245793
81 80 4.328393
14 41 3.579689
38 31 3.402352
53 70 1.79156
70 56 0.262525
32 0 2.458408
76 65 0.904925
37 36 1.176902
47 78 3.169356
44 32 3.265535
56 0 3.118343
35 73 3.730707
51 4 1.428867
64 54 4.290514
75 3 3.218441
14 20 2.462041
15 22 2.571781
66 68 4.961581
48 75 2.806928
45 24 4.170804
94 46 2.471391
42 32 2.586011
40 8 3.769816
54 57 3.254912
25 48 1.021361
59 19 1.918519
88 33 3.270639
96 52 2.41252
45 10 3.859385
90 51 4.909685
45 96 4.922866
100 71 2.34883
87 68 0.227061
28 43 0.725726
92 94 1.899425
13 83 2.972494
