78 92 4.604913
59 70 2.263528
80 29 2.955213
86 24 3.737733
12 1 3.567158
9 91 4.273334
16 42 2.121288
40 100 3.050621
5 32 3.603283
71 65 4.357701
38 22 2.347207
33 0 2.8983
90 2 3.336665
89 52 2.709367
30 75 4.526881
19 72 0.505156
82 87 3.347506
61 81 3.53721
95 7 0.513846
80 11 0.592994
80 19 0.695128
79 10 2.40464
37 74 1.374369
13 88 2.7301
65 56 4.226305
81 3 2.225592
1 81 1.734354
57 25 3.565157
8 99 0.044495
62 56 0.52056
13 20 0.239989
74 36 0.930192
17 38 3.540719
81 7 3.136521
57 1 3.783201
28 20 0.46493
42 59 0.224694
40 58 4.24331
86 60 0.429518
69 88 1.997844
3 96 1.590335
89 24 0.280127
62 21 3.842005
11 23 1.141863
1 3 0.116929
94 76 0.53976
23 36 1.161342
48 71 1.358451
94 18 2.254479
92 61 0.457112
24 53 2.588603
66 76 3.709302
24 80 3.529399
24 86 3.060185
48 33 1.585075
31 66 2.879706
22 45 3.419276
11 75 3.269148
66 76 4.949616
64 46 4.558519
54 39 3.546872
89 77 3.524362
20 62 1.388619
76 84 3.500846
34 80 0.866299
81 32 3.901361
59 61 1.083311
33 93 3.67476
77 18 2.28566
22 76 1.001948
63 10 1.751822
78 75 0.440846
76 49 4.777914
61 64 1.770217
10 61 3.719335
96 28 0.657265
42 15 0.826462
10 21 1.64696
97 93 2.037254
33 54 1.497719
25 40 1.446019
47 71 0.601705
51 56 1.266744
76 22 2.484768
13 28 1.472038
51 95 3.218521
42 44 0.715467
58 44 2.659217
23 57 3.319823
48 64 3.725224
81 93 3.0165
95 29 4.896228
56 25 2.235562
30 7 4.965284
22 40 3.195091
37 82 4.557878
83 53 0.502623
91 10 3.682496
5 92 2.037677
76 79 4.943924
39 87 2.678397
55 54 1.442331
53 70 3.781977
62 77 0.724588
84 5 0.291777
46 24 4.846755
69 67 2.046349
55 58 1.389605
67 27 0.229889
48 49 0.402653
25 6 1.692293
51 24 3.330894
4 22 4.425065
97 87 4.438228
18 60 1.075438
62 70 0.060077
75 92 0.483778
98 16 2.185082
75 13 4.359966
59 0 3.04719
56 43 4.690814
87 40 3.519792
29 53 2.964079
65 84 2.383474
29 44 0.777759
100 17 2.684676
69 65 2.393406
36 84 0.329646
35 8 1.933699
11 0 3.90876
78 99 0.346532
77 58 1.426598
75 62 1.132687
57 41 2.696236
94 63 2.882767
2 40 3.291948
87 57 2.595106
91 53 2.053715
19 34 0.444118
50 22 1.495609
93 98 1.703451
1 74 1.329454
89 26 4.326323
32 28 3.776288
5 11 0.367696
14 58 4.267686
57 63 3.033544
23 0 1.967707
38 36 1.344321
19 63 4.461969
9 75 0.189509
1 58 4.767228
73 8 3.985831
91 41 4.230578
89 79 1.85916
45 11 1.965905
47 14 0.552804
20 80 2.822496
90 54 1.499696
56 27 0.96575
43 85 3.683016
31 67 3.518372
55 30 4.407973
31 38 4.447855
9 17 4.831342
15 71 0.63323
51 18 2.359851
87 18 0.434221
51 68 1.687741
19 47 3.132218
9 47 1.183572
85 69 0.248442
57 99 1.409538
49 69 2.042271
24 95 3.708795
19 56 4.99657
91 77 0.920719
71 19 4.01746
22 87 1.092277
49 32 2.384957
77 67 4.707217
13 68 2.601572
20 12 1.065091
2 88 1.114668
31 38 0.822329
17 41 2.243658
58 85 4.07594
47 35 0.848008
55 39 2.87165
10 57 2.725908
22 69 0.966322
45 13 4.909171
92 88 3.263503
48 20 2.641565
55 29 3.297002
55 44 4.703631
72 44 4.125724
16 82 2.976811
61 70 3.826856
5 8 0.322988
70 41 1.478229
98 79 0.17599
5 57 2.757566
21 47 3.070241
72 88 3.388512
41 68 0.36659
94 14 2.900776
20 87 0.066363
32 39 2.395005
15 48 1.373063
53 76 0.941332
53 72 0.183758
23 16 1.627672
23 53 2.551792
70 48 2.580239
1 57 3.806072
45 86 2.212846
83 87 1.85807
93 92 2.647783
55 89 1.418183
4 91 3.551932
90 63 3.774008
54 22 4.20251
76 93 2.550739
45 83 3.637746
30 61 2.304445
2 23 1.622302
8 73 3.729173
6 22 4.673096
33 27 0.043394
98 79 0.208254
51 67 3.097961
8 23 0.992341
93 81 0.404118
6 23 1.662629
30 35 0.840361
6 48 4.389857
71 24 2.272061
8 17 3.433277
41 97 4.12946
9 2 1.06238
35 55 4.706287
88 18 0.106573
97 53 4.896224
18 65 3.840183
45 39 0.178939
22 44 3.904627
35 96 3.322426
83 60 4.151104
59 62 3.461933
60 62 3.341009
55 35 4.650415
10 9 1.633087
94 67 4.740415
6 23 3.989305
37 33 3.383456
61 79 3.711972
16 27 1.652348
64 44 4.252001
16 59 0.394979
59 58 4.527354
23 45 2.488504
11 59 0.996269
15 0 2.376306
70 86 4.182617
70 48 1.759624
68 70 0.840647
65 31 0.216426
77 27 2.111726
67 92 4.738752
76 73 0.24537
35 99 0.791565
90 92 2.277602
64 70 0.563835
82 12 2.660352
11 17 2.645742
81 4 0.527009
55 87 0.775028
99 91 2.665226
59 90 1.771552
79 13 1.229327
42 54 0.610393
26 100 1.351178
83 88 1.41288
68 73 1.682258
20 53 3.233572
57 16 4.389463
46 9 2.825329
43 32 4.396352
28 21 3.889693
54 5 2.284171
56 49 3.526524
16 66 4.482296
47 98 4.61704
31 43 4.182452
42 26 0.259127
44 17 3.040551
5 85 2.678347
10 40 1.174293
72 80 0.269961
53 65 2.204662
4 75 3.476763
28 31 1.951312
52 7 0.29179
73 59 2.050967
99 44 3.989753
45 41 1.804966
78 94 2.627079
31 34 4.682417
34 48 4.301518
88 28 3.837174
64 57 2.654865
67 13 2.552096
25 5 4.817903
66 65 4.942593
57 99 1.732631
29 51 3.448344
33 89 4.008681
76 47 1.202971
52 79 0.766894
97 43 2.193707
97 45 2.042258
2 87 2.37391
82 83 4.881821
73 29 0.915596
38 11 2.336873
30 4 3.758921
7 57 3.815099
62 72 2.373616
10 1 3.653566
63 15 1.031019
92 60 3.964188
76 23 0.050209
60 93 3.405977
13 86 1.912949
90 55 2.672953
10 76 2.776537
27 39 4.164176
53 90 4.848571
23 63 2.841343
64 38 4.490628
81 92 3.583526
71 0 0.551511
31 33 2.384735
38 46 0.79178
16 73 3.596518
0 20 0.229494
23 56 0.889688
62 55 4.13437
13 87 4.618229
6 24 3.18209
65 99 4.304817
93 17 1.643606
98 37 1.427641
11 24 4.609716
35 31 1.162718
48 33 4.189434
64 12 3.214954
61 47 1.652345
47 36 3.414223
43 34 2.288542
60 40 2.002002
62 85 0.918451
69 55 2.418796
34 47 4.309122
88 29 0.615155
38 2 3.869
8 18 0.049581
91 75 1.321671
61 35 0.638127
53 44 0.267095
13 99 4.314647
63 65 3.678436
84 55 4.626377
88 27 3.431453
65 62 1.54479
7 96 3.62871
41 33 4.935816
83 42 2.233252
0 59 2.7484
94 91 2.707067
56 23 0.14811
18 56 0.140968
29 66 3.8193
77 0 4.144607
41 34 4.845483
49 59 3.216466
8 52 1.132557
61 90 1.069409
61 57 4.647734
72 1 4.948641
54 55 4.253177
81 67 0.341156
94 22 4.566487
86 95 0.869867
50 26 0.305928
79 70 4.210702
46 87 1.642609
43 18 2.06416
20 91 2.906752
3 33 4.334713
39 35 4.117261
3 33 2.890362
72 85 0.330017
59 58 2.802428
99 11 1.85476
36 31 0.679804
22 89 4.832642
18 9 4.07408
67 72 1.386698
34 38 1.581133
52 47 1.49882
70 55 3.127212
16 84 0.755406
10 49 3.041837
25 1 4.068219
26 79 4.024761
11 7 1.592776
17 64 4.393814
58 52 0.941587
60 73 3.930462
3 77 0.909228
72 95 4.860516
19 64 2.102198
17 68 2.301336
1 30 3.650568
12 95 3.179298
64 65 4.02659
2 61 2.919845
85 22 4.925912
62 16 4.336084
64 41 1.497198
62 63 0.575725
46 79 3.642624
76 63 1.918176
19 8 0.809964
35 32 1.861562
73 74 0.497841
92 12 4.645838
72 15 4.5525
55 23 2.361657
69 51 0.72092
67 13 3.678175
45 85 2.225166
61 77 1.141264
57 0 3.785965
95 41 2.030808
20 85 3.623848
96 13 2.219327
74 95 1.616917
69 13 1.147666
13 26 3.226442
23 67 2.944681
68 83 3.547001
51 31 3.618264
28 9 1.401195
20 39 0.943308
94 100 1.576171
83 45 1.647192
41 21 3.651127
32 60 4.227295
100 44 1.920156
79 41 1.869207
55 78 2.972498
77 20 3.625364
37 97 4.599107
83 45 3.224368
53 89 3.775347
16 99 0.417671
93 41 4.477082
11 43 1.256218
73 74 1.106377
100 49 4.144124
48 76 4.119417
19 40 1.56695
68 64 2.832824
55 50 4.223594
77 51 3.697548
86 88 1.31109
25 17 4.766794
6 78 4.062126
55 68 2.378575
12 46 4.61528
23 63 3.361233
57 64 3.222829
12 78 4.282217
1 6 3.911645
50 64 1.42764
48 8 3.008271
72 16 4.374045
65 55 4.086105
36 76 3.935574
65 59 3.325754
62 60 4.08861
67 31 2.933626
34 93 2.787328
98 88 4.750269
29 92 3.730216
38 86 1.239388
46 64 4.593499
49 59 2.284123
97 5 0.250495
51 61 4.857288
44 48 0.942412
55 90 4.034295
85 65 0.78107
95 69 2.116484
85 18 3.263139
68 79 2.330815
65 84 2.247826
77 7 1.995567
92 84 1.430226
40 47 3.759001
16 75 1.838789
85 60 3.634414
45 26 2.10083
26 55 0.16453
59 79 0.211644
6 30 1.538131
65 62 1.910941
1 25 1.395721
20 25 1.186398
52 50 1.901404
32 91 4.72472
42 31 1.013182
63 82 0.762038
59 22 3.612244
44 1 4.883095
31 78 0.300169
95 96 0.89076
42 27 0.716982
32 30 1.809153
42 52 4.612166
54 29 2.766377
79 10 1.643546
97 90 2.742501
41 29 3.992262
84 18 2.81649
2 21 3.281701
88 18 2.594382
90 64 0.103405
90 7 3.575232
26 40 2.901062
50 21 0.169037
60 8 3.2316
99 94 2.358613
88 2 3.606492
70 68 2.050039
56 57 1.001583
37 47 3.628132
1 71 3.816359
22 25 3.614406
52 51 2.330792
7 53 0.56009
85 36 4.505068
27 7 1.6648
47 49 4.591128
16 42 2.998852
58 60 1.059992
88 26 0.586239
2 95 1.558167
35 3 2.434532
29 68 1.580474
66 5 0.215313
80 2 1.443364
86 68 2.357484
79 56 2.528635
24 41 0.664867
77 65 0.831996
89 65 4.239565
62 26 3.502827
27 25 0.955672
92 1 4.037816
21 8 3.170241
39 12 2.196187
27 68 1.207662
32 67 4.787304
21 51 3.012061
5 96 2.24289
65 100 2.218756
86 39 3.575769
6 69 0.952213
93 87 1.836289
28 64 0.828846
62 23 1.511916
46 48 4.177268
27 74 3.775994
48 80 3.709629
37 43 3.567071
72 29 3.384491
38 0 4.958309
38 81 2.004083
98 23 4.02416
37 28 2.187248
10 74 4.593075
57 65 4.285661
11 42 0.273378
88 43 4.627007
5 90 0.74657
64 27 1.620569
9 86 4.043375
10 27 1.026798
19 44 2.685698
7 36 1.64392
29 9 4.623248
59 71 1.365619
19 0 0.17606
85 93 4.282247
53 83 0.100645
19 41 3.934329
14 46 2.283498
79 34 4.265747
72 73 1.034436
87 68 4.206213
74 67 0.095374
92 39 1.902054
10 61 2.444196
99 87 0.861464
75 44 0.199195
8 53 0.120287
65 72 0.99283
93 41 3.396047
6 86 0.503733
64 50 1.985882
50 97 1.060024
11 22 4.456848
21 79 2.773206
54 75 1.399349
90 11 1.186233
94 60 1.125404
8 2 2.556476
52 55 0.099002
30 79 0.35507
93 64 1.434099
58 93 4.471421
97 0 4.0057
40 99 1.560268
73 80 0.787927
63 18 0.034279
29 72 1.385026
48 31 0.869575
13 40 0.659429
23 49 3.730328
41 62 4.668351
60 48 0.891749
64 9 3.8202
7 0 4.969089
36 95 4.259573
73 69 2.450652
8 12 2.767389
17 92 1.616839
94 58 0.793653
28 77 1.617454
25 27 2.458494
76 78 0.878478
72 24 3.174235
82 56 2.20164
32 55 0.855179
70 48 1.047361
51 95 2.80739
88 54 2.075679
47 5 2.210771
5 92 1.773213
81 99 4.580658
10 51 4.005933
87 35 1.742297
7 93 2.119873
6 51 1.274057
94 54 3.494413
40 28 2.40336
28 61 4.256669
17 64 1.98244
26 90 4.498932
65 63 4.236186
72 89 1.907866
75 18 0.535718
51 47 2.019793
46 97 1.930932
19 96 3.575607
88 91 2.09091
71 57 3.330045
84 39 0.179585
68 21 4.930543
80 79 1.470532
20 100 3.078078
70 76 0.009343
87 46 4.888101
54 65 2.528876
76 18 3.909951
13 90 2.711085
47 95 4.770015
30 33 3.960702
29 2 4.96853
85 62 4.450605
43 32 2.074574
20 50 4.04327
28 16 1.374022
32 75 1.830634
74 81 0.324948
38 5 1.125915
