0 1 0.199142
2 3 1.979019
4 5 1.377423
6 7 0.352607
8 9 1.262356
10 11 1.416496
12 13 2.050260
14 15 3.712721
16 6 4.697047
17 18 3.260737
19 20 3.210362
21 22 1.549587
23 24 3.913232
25 26 4.687352
6 27 0.331304
28 27 3.221419
29 30 2.396078
31 32 0.880348
23 33 1.011233
34 35 0.800734
6 20 2.930620
36 37 4.931666
20 38 1.510677
39 12 4.956608
40 41 0.716529
42 43 2.702746
33 44 0.046645
5 24 3.967996
4 45 0.103635
46 47 1.794676
35 48 3.113532
49 50 4.129120
18 51 3.116424
52 20 2.734551
4 53 4.603553
29 47 1.919884
54 55 2.488360
22 56 1.864815
57 58 1.946275
5 27 1.042477
59 60 0.904444
35 61 0.992033
62 63 3.093898
64 22 4.139221
14 65 2.890135
12 66 4.492292
67 68 1.945402
16 69 1.372887
48 70 4.105104
71 72 4.488217
73 74 3.459623
75 33 0.884761
20 5 0.170465
76 77 0.004552
78 79 1.497398
79 27 1.775715
80 81 4.434811
82 79 0.864211
83 22 4.800146
84 85 1.059314
86 87 3.897934
48 34 2.585057
30 87 2.049015
88 8 2.793188
89 32 0.108540
90 91 4.236749
92 93 2.046986
94 32 3.698510
95 96 0.861340
29 42 1.545219
48 97 0.492027
98 99 4.496956
16 100 0.346408
1 101 2.084811
102 55 4.422433
40 17 2.824016
27 7 3.234925
24 96 4.386966
29 101 1.730401
103 68 2.854692
104 105 3.811205
106 107 4.921982
108 44 3.753659
23 109 2.745139
110 111 2.548268
59 112 3.732268
113 114 3.232767
83 115 3.108300
17 73 1.205731
88 71 4.719976
90 112 3.643682
20 71 4.358992
116 117 1.582986
118 119 0.249354
120 112 0.885107
6 76 1.000797
114 121 0.395207
49 22 2.238221
82 122 2.777992
109 123 4.715993
78 52 1.699658
39 102 1.157441
98 124 3.118793
27 98 2.548427
59 105 1.404817
87 49 0.756662
76 125 2.213724
15 43 1.052780
30 22 4.076208
6 99 3.826629
96 23 4.154537
79 102 0.306502
72 3 1.386019
17 33 4.815213
40 79 4.290218
98 79 0.697940
121 46 0.284611
31 126 3.462295
45 11 0.795128
21 44 3.721678
127 128 0.249116
129 101 1.895420
38 123 1.324846
27 72 1.692085
38 111 3.867220
7 79 1.359540
82 130 4.796783
131 3 4.530428
132 133 2.896400
10 101 4.793507
134 130 4.477398
29 4 1.633264
109 79 0.275591
135 6 1.854409
11 45 2.055136
45 35 0.671203
30 136 0.910572
47 34 3.977269
137 138 0.963627
20 136 0.672655
81 120 0.313582
114 139 0.377589
140 5 1.138497
6 34 4.716499
65 15 0.198195
5 57 1.068519
89 62 3.604084
57 124 3.846930
130 1 0.356414
141 142 0.252708
141 65 2.256802
92 112 0.065857
119 64 1.853860
143 32 2.821938
36 72 3.307952
144 32 1.753685
145 49 4.190882
33 143 1.151453
146 9 2.477789
144 102 4.192380
48 43 1.333540
69 32 2.807229
88 96 1.099048
98 126 1.704766
147 63 2.006490
9 48 3.082182
92 148 2.226675
83 133 3.725162
35 45 3.801119
141 14 0.415190
2 47 3.092183
129 43 0.322803
66 33 0.358014
49 118 2.142156
27 101 3.212415
149 95 1.051588
10 91 4.044616
57 48 2.857877
1 20 2.332379
102 43 0.293844
150 4 3.641862
111 21 3.777807
151 20 3.595017
119 80 1.455116
46 115 1.133873
35 151 1.995135
21 119 2.227793
123 25 2.517370
111 78 4.445742
113 12 4.578525
90 75 1.269950
111 25 4.047243
152 82 2.018674
114 153 2.851933
154 112 2.438676
155 76 1.823499
36 105 2.544775
156 24 0.036221
62 139 3.760006
151 47 4.425009
123 73 1.119334
103 47 2.648177
29 66 2.917242
8 20 0.087199
114 113 0.556712
13 120 1.650788
130 157 4.797988
126 11 4.790080
157 140 1.876299
99 77 4.954754
2 17 4.554901
7 32 4.214719
10 158 1.783687
115 30 3.429727
123 159 3.415810
101 57 4.519208
160 63 4.328720
114 72 2.795143
79 52 2.961017
135 101 0.806215
25 125 0.061778
135 161 3.304531
8 47 4.246972
45 34 3.858097
57 76 3.030949
126 92 1.158689
48 100 4.093814
46 162 4.739851
33 40 2.670539
36 112 3.749473
39 163 2.384514
132 127 1.525303
164 79 0.764670
6 123 1.816748
96 165 4.090518
77 124 4.328804
29 73 4.211285
1 120 4.066092
62 94 3.811240
57 47 0.509899
9 43 4.872304
126 76 3.816942
72 126 1.346178
130 166 0.207143
118 167 1.446844
168 39 2.099870
111 140 2.523262
139 169 3.465983
39 103 2.774025
60 27 3.035053
10 34 0.140856
134 17 2.366154
170 20 2.942050
73 143 2.038822
36 102 1.473730
20 171 3.979953
118 38 1.065740
78 20 1.899678
39 3 2.888541
19 98 2.703843
130 111 3.484945
172 104 1.473838
161 47 0.794301
59 148 4.813477
5 67 0.103496
10 105 4.455374
157 92 1.468656
173 32 3.698316
165 126 2.591992
130 5 3.607289
168 30 2.702760
45 99 0.284097
142 174 4.824488
175 113 0.169110
26 111 2.239678
176 177 2.271515
147 114 2.350833
23 7 0.450080
33 32 4.490061
151 178 4.456506
173 112 0.502347
72 20 2.941391
15 179 0.957544
139 114 3.434876
91 34 4.960310
77 58 2.930451
137 79 2.095899
180 92 0.766211
39 86 2.702191
61 35 0.720979
5 68 2.485778
74 181 3.469867
21 78 3.056980
25 17 3.656449
30 49 3.931467
46 126 1.163081
20 102 2.903873
134 174 0.385251
80 22 4.905868
118 36 2.917885
91 104 0.898350
78 4 3.568808
80 115 0.952735
34 98 2.623974
11 92 1.132660
18 38 1.622313
92 10 1.211478
10 6 1.303165
20 99 2.287332
86 49 3.182817
72 131 3.612019
16 20 2.206775
18 88 4.274194
95 33 1.377900
163 63 3.361252
92 21 2.565585
120 72 4.786645
90 182 4.143756
156 27 4.099092
40 183 3.442824
102 19 3.546063
4 130 3.686486
11 101 3.768716
92 157 0.806719
92 37 3.528227
22 184 3.910677
103 89 1.750443
130 82 4.691059
185 33 2.636873
123 130 2.922071
180 58 1.253966
96 3 0.407588
151 186 0.332927
12 80 0.503908
103 12 4.179411
7 187 3.365360
8 32 1.611615
35 72 1.407335
135 188 3.085384
87 25 1.052451
31 41 3.547739
128 114 1.848463
150 35 2.110992
17 32 4.439813
165 67 4.937183
4 114 4.235583
105 98 2.443770
134 73 2.450592
18 144 2.096492
6 125 0.747532
126 150 3.762610
180 77 3.190613
71 37 4.638276
5 35 0.502265
8 102 1.560467
36 79 1.772515
100 48 0.653801
173 105 3.437783
142 141 3.815246
141 189 2.842267
11 99 4.978903
190 44 0.417223
22 191 2.266651
192 26 0.597754
115 27 1.445804
143 122 4.635210
149 32 3.975954
193 97 3.855425
75 98 3.124886
194 16 4.953259
169 175 4.432177
96 195 1.599402
45 72 1.143388
40 63 1.919751
131 112 0.256045
196 25 3.341503
173 53 0.640225
20 109 0.265348
21 103 4.705317
1 4 2.263316
72 99 4.558015
129 6 1.556029
22 53 2.176298
40 29 2.037582
182 32 0.647840
26 125 3.241082
191 197 2.859433
154 25 3.485131
32 71 4.597459
150 10 4.498616
7 23 3.231645
20 73 4.250899
139 113 4.851334
72 198 1.364307
169 168 4.910316
6 58 2.683465
34 92 0.992304
19 102 2.657923
113 153 1.715755
78 111 1.689826
46 180 0.903224
150 3 0.487571
122 143 4.611986
34 69 3.643496
74 24 1.236506
62 169 1.951651
43 48 1.393957
74 33 3.241974
123 88 2.856087
79 1 2.248637
72 92 2.847690
65 172 1.121903
191 22 0.828957
170 79 2.274965
130 105 0.333585
191 168 1.568829
46 72 2.304288
4 111 3.169880
118 111 1.168128
128 121 2.727589
136 33 2.583015
15 146 2.730855
146 8 2.484447
5 72 1.107034
186 151 0.927273
77 150 4.676968
191 21 0.804013
97 16 3.041917
170 7 0.493634
57 140 1.510218
199 198 2.229830
103 73 1.746740
105 4 2.458276
137 106 1.237651
71 144 1.193680
126 34 2.172953
142 127 0.821202
150 45 1.950186
125 77 1.770047
120 102 4.187584
152 134 0.720997
11 52 2.804820
123 112 0.607801
80 200 0.307939
200 80 0.529076
2 33 2.187900
182 20 2.034312
123 1 0.677652
78 157 4.305434
156 79 1.423852
36 120 0.673788
46 113 4.360539
195 53 2.577215
49 136 0.255070
132 201 1.956060
191 87 0.496213
22 119 4.850694
180 76 0.616119
120 127 0.119725
142 152 2.226335
70 32 3.006630
142 102 2.427768
154 10 3.496395
102 42 3.907040
123 101 0.621607
93 97 2.354544
111 53 2.817203
173 17 3.735417
192 188 1.150254
22 21 2.312874
119 56 2.477407
202 125 2.774718
136 66 4.689574
141 151 2.665003
74 109 0.697620
57 77 4.906252
76 98 4.378905
98 34 1.261663
145 33 4.764519
14 189 2.275894
5 51 0.952984
63 62 1.794138
201 132 4.070006
123 8 4.584165
203 6 1.054521
156 40 3.334111
4 32 1.405379
74 73 0.200898
139 4 1.493432
55 54 0.107179
72 27 1.363403
59 104 4.707359
130 68 1.583863
97 36 4.985781
1 68 1.017158
165 105 0.374064
118 191 1.901608
115 83 0.324889
35 77 0.409113
182 89 0.964756
72 112 4.652344
204 138 1.945919
128 86 0.066418
96 56 1.280174
95 79 0.880111
90 46 2.026164
15 189 3.732078
29 136 0.034638
30 115 2.164243
29 86 4.424896
115 21 4.223318
132 80 1.303622
92 34 4.971887
82 40 2.506239
103 140 2.365776
35 112 1.598308
173 79 2.769264
141 172 3.023772
148 72 0.529021
66 40 1.253784
48 68 2.341608
175 89 0.404422
185 143 2.118938
12 119 2.990230
89 114 1.800104
109 137 4.350371
5 120 1.678933
90 205 2.832551
61 11 1.685465
92 77 2.605754
78 92 4.909606
126 77 0.747234
46 41 3.765473
151 35 1.312884
22 80 0.640054
82 151 2.393031
62 128 4.679380
21 111 1.332044
36 20 2.666348
135 206 3.316062
65 189 3.060119
35 11 1.428209
26 56 3.902425
57 61 3.063658
30 103 0.893158
97 98 1.305182
136 37 1.191829
24 7 1.061766
158 76 0.094220
45 92 3.563529
30 29 2.231879
35 43 1.184604
42 29 4.637486
90 72 2.222559
109 46 4.556924
180 126 3.217867
20 98 2.696455
78 68 4.317014
156 96 1.057477
150 112 3.007920
49 120 4.115968
126 104 2.068763
58 57 4.707747
120 136 3.107690
92 72 0.939843
24 21 0.945580
73 103 2.364532
185 149 0.687698
175 169 3.133836
18 32 0.389851
45 151 2.226796
84 207 0.757357
123 208 3.903189
136 73 0.893151
115 68 1.185438
35 6 3.663670
115 46 0.300336
96 112 2.747202
123 16 2.224797
29 80 2.156328
45 57 1.401976
165 34 3.007318
71 32 3.987550
25 154 3.755616
141 82 0.636082
28 209 0.625962
15 154 0.547219
98 188 2.104185
39 105 0.044904
115 40 4.703010
6 180 3.483187
5 19 1.925498
58 98 1.848233
195 24 3.253609
34 48 3.410171
168 191 4.742033
118 63 4.345062
80 119 2.455467
173 71 4.036426
5 29 0.216499
21 104 3.694529
198 47 3.943066
114 1 1.102991
15 141 2.969343
89 11 0.754963
72 34 3.670329
103 48 2.216399
210 73 1.017737
40 27 0.103494
45 105 4.418316
22 133 3.637229
166 104 0.907115
102 103 0.883617
150 101 0.954420
21 191 0.931013
39 4 2.527840
154 72 0.400054
165 47 3.700629
20 112 1.468816
191 200 1.389178
36 13 2.914311
102 136 0.829166
119 201 0.791118
87 191 1.315664
6 203 2.371931
120 36 0.049057
52 71 4.506632
158 10 2.961770
7 72 3.462315
79 32 1.134362
201 42 0.227105
98 35 1.961807
89 147 2.085388
111 5 4.120752
47 72 2.478016
130 140 3.016109
4 72 1.750693
96 211 3.899494
165 72 3.794002
169 62 0.793949
40 212 3.896155
102 115 2.670326
40 82 0.161395
167 160 2.570162
10 154 1.709289
33 75 3.025189
83 80 4.349084
21 127 0.061954
114 112 1.254054
20 105 1.893189
149 185 3.835872
19 89 4.506167
154 107 0.147453
35 99 3.242366
5 25 4.444363
82 33 1.416385
200 191 0.185940
21 80 0.096207
48 72 1.953246
112 27 3.212812
17 53 2.726738
188 32 3.281812
17 68 2.415203
73 130 2.323147
113 41 0.134469
27 96 0.026677
149 79 3.366199
58 180 0.706358
123 198 1.756136
33 142 0.378285
21 128 2.834536
139 62 0.048612
119 133 2.015896
6 68 1.171671
22 30 2.274363
36 137 0.213346
9 100 0.712670
58 124 2.840184
103 136 4.977540
69 100 2.517267
147 160 2.698544
174 142 4.425011
191 80 1.159796
1 144 2.698542
136 130 4.396758
21 40 1.308381
20 52 4.963329
154 101 3.669782
21 19 3.018654
119 188 4.520666
165 68 3.838717
136 140 2.317026
191 201 2.260641
202 25 4.597363
135 158 2.874527
73 122 2.167538
150 34 4.812463
23 79 3.069208
11 89 4.171036
4 105 2.594765
32 79 0.219931
182 195 1.380583
152 73 3.464266
156 105 3.919454
40 81 4.256216
92 99 4.214774
16 8 2.713773
15 14 0.380470
33 123 4.552300
23 71 0.500886
170 164 3.387214
103 25 3.904846
130 120 3.743208
46 153 2.089168
156 47 2.646648
99 124 2.208284
123 6 4.633861
136 100 1.299753
175 46 4.952681
8 144 4.708305
135 71 2.474523
126 61 4.310827
96 40 2.063343
121 114 3.601922
57 68 2.500450
135 202 0.056810
5 71 4.797875
141 154 2.885885
130 20 3.074755
176 32 2.401838
120 5 2.684553
29 109 4.282021
6 104 2.918858
136 106 2.239379
23 26 2.235872
46 139 3.307186
8 69 3.873673
136 71 4.822179
74 48 1.360611
71 25 2.782680
64 25 3.494426
36 118 0.821416
80 29 0.541433
9 194 4.857204
19 30 0.023753
173 1 4.213783
11 68 1.043215
175 139 3.314835
16 43 2.435758
191 133 2.787382
115 72 2.533164
136 79 4.890008
178 30 1.358440
151 33 1.299003
136 213 2.337395
63 163 4.605286
57 150 1.033704
16 111 3.456430
30 80 2.217194
26 25 4.384276
49 80 1.518797
150 214 1.414013
166 130 0.317789
82 81 1.080383
34 72 2.993559
182 1 2.748783
168 25 3.797981
119 191 2.669922
149 134 3.376637
81 44 1.146243
137 148 4.899425
118 200 4.639323
17 173 3.103299
40 80 2.153734
168 49 2.805812
41 105 2.281489
114 101 4.988689
29 49 4.887747
89 169 3.361456
215 85 0.995257
69 48 2.276165
75 43 0.508048
102 68 3.759904
103 39 2.701603
16 194 0.840696
59 3 4.578203
92 76 0.864942
45 107 2.077685
6 105 4.649086
72 36 2.191075
76 57 0.393010
149 148 0.325033
157 111 2.827148
192 202 0.879781
90 99 1.472689
185 89 1.490678
8 180 3.832088
18 84 0.910382
115 23 0.784737
79 23 4.069087
130 40 4.149625
33 166 2.751768
206 92 3.966104
78 118 3.307210
103 30 4.276653
103 142 2.702890
216 217 2.478650
20 19 3.677972
201 80 0.679481
33 20 0.029920
5 79 2.868721
1 192 4.601475
27 99 1.995689
23 88 1.550995
15 197 2.565185
6 79 3.063833
98 101 3.841429
4 46 2.905353
5 32 0.272753
20 182 4.152962
130 102 3.840226
19 1 2.678611
92 11 4.409253
6 19 1.312095
114 47 2.386528
4 75 0.383389
175 114 3.624535
78 100 2.559389
6 11 0.651989
120 44 2.976771
6 1 0.590014
1 130 1.367752
109 74 2.800443
98 105 2.052491
209 25 1.217543
40 37 3.246985
40 105 2.081281
180 158 0.094053
22 140 0.755663
17 159 0.419627
20 48 2.663160
142 82 4.729656
34 45 1.320793
33 134 3.569645
194 9 0.020908
49 12 1.401984
59 28 3.145492
4 47 1.287200
29 130 3.967579
24 23 3.104161
154 99 1.631539
124 98 1.271653
29 104 2.676885
195 99 0.401480
180 6 2.681055
80 49 0.486265
88 211 2.654676
93 92 2.144282
17 203 3.946795
17 152 3.780782
189 197 3.607199
129 48 1.201975
25 120 1.597843
1 93 4.947904
102 1 4.419813
12 141 3.794232
157 51 4.657945
66 22 1.075228
86 39 1.351973
144 19 2.611278
24 71 2.746781
57 43 0.143967
92 36 4.657883
114 29 0.042773
114 46 3.886961
43 129 3.157174
24 33 2.621377
140 20 2.490008
144 79 4.562023
72 47 3.917002
75 112 3.053512
99 101 0.375316
25 82 2.934545
21 115 0.895945
195 40 3.154220
150 107 2.968543
76 92 2.300691
82 149 2.716421
20 63 4.885040
45 4 2.869198
2 164 2.609495
201 50 2.775895
129 16 4.472718
140 47 2.966670
74 47 0.828826
62 160 0.070472
19 144 4.427110
8 42 1.439699
180 25 2.028379
40 24 0.958282
18 19 0.839319
113 62 1.435316
96 54 3.363891
172 154 1.915741
101 76 2.862983
77 126 3.159357
195 79 4.320671
5 90 2.513102
192 157 2.704780
158 135 4.235866
64 50 2.191677
92 4 0.507458
18 79 3.843229
126 48 3.143314
93 73 4.671023
30 163 0.875795
160 104 4.489925
98 47 2.177076
23 40 0.121550
89 109 2.891302
48 9 4.106621
19 6 4.976980
194 54 3.097292
151 141 1.185979
90 4 2.747111
93 126 0.688011
25 5 3.396248
124 180 0.740910
158 161 2.467413
114 147 4.812812
27 195 3.929788
16 171 2.955242
128 21 3.750158
12 115 3.904969
178 151 0.807139
120 4 0.576968
130 36 2.104190
31 106 0.127824
10 126 3.345875
150 47 4.121576
47 112 1.323646
201 64 1.517113
198 199 3.126188
102 144 1.847880
20 107 2.313708
36 26 1.490482
8 68 0.526700
130 4 2.240937
103 49 3.432961
139 68 2.772371
146 5 0.234577
31 11 2.529014
6 101 0.142892
75 90 1.582688
216 188 0.232612
17 142 4.505219
63 147 4.211243
90 131 3.367393
5 101 0.775203
92 47 3.844760
48 36 3.881777
48 3 1.021822
115 47 3.764818
62 113 0.299030
119 21 0.799245
140 111 2.913239
13 70 2.814977
136 98 1.318015
59 77 1.877408
2 112 3.603779
151 105 3.715689
179 14 4.578685
28 25 3.957290
33 12 0.177558
49 103 4.218156
115 7 4.547732
152 142 3.724986
143 134 0.839308
16 71 1.254645
101 77 1.814052
157 37 3.766878
40 136 4.924688
39 136 4.227682
98 25 4.647854
32 20 1.488137
99 27 1.112791
132 64 2.678337
176 218 4.806174
22 29 2.361999
115 97 3.116279
191 64 0.308299
165 112 1.573851
20 47 1.713950
115 102 1.360962
123 33 3.693545
141 33 2.408921
101 124 1.741004
186 15 1.053568
33 25 2.313259
24 5 3.949227
96 7 4.660179
4 68 3.620630
130 72 1.925343
174 82 4.245417
62 147 2.731406
20 7 1.748168
77 98 1.467659
154 47 1.944916
5 102 3.198870
27 79 3.408412
6 61 0.177610
118 157 0.088840
102 79 3.126663
139 153 4.817080
143 33 0.666485
35 101 1.609807
46 34 1.023531
34 10 2.480432
21 24 3.624439
78 47 0.952831
93 180 4.232528
135 219 1.094257
120 71 1.184184
24 181 2.573092
48 16 0.953470
162 160 4.968898
6 72 2.262788
120 148 0.677277
6 98 2.997067
206 135 1.705097
105 3 2.559886
148 104 4.008203
32 144 0.873171
140 21 0.392522
81 136 2.113606
12 82 3.379828
12 33 4.775734
195 23 0.754275
20 40 2.105186
119 132 1.853793
112 4 1.699049
20 101 0.923798
47 57 1.280083
80 83 4.363204
63 160 2.372066
63 40 2.308530
80 103 4.466069
94 8 1.218287
41 45 0.755402
97 101 1.035803
152 44 3.744198
129 85 3.742508
119 200 0.329148
35 10 1.993117
89 139 3.317074
0 68 0.065881
154 172 2.257309
96 72 3.594917
147 168 4.762311
139 175 0.167986
112 92 3.341970
150 77 3.497509
1 67 2.627754
30 133 4.668535
111 144 4.063261
136 115 1.226015
90 3 0.631143
80 30 2.618746
114 128 3.270082
20 111 0.274479
80 67 3.173961
49 39 4.770129
1 25 1.551869
32 24 2.256689
92 44 3.168980
46 128 1.040148
20 32 1.759997
130 92 0.275478
13 106 4.958354
20 148 0.052892
34 41 3.947822
6 16 1.036361
151 57 3.122498
39 168 4.816351
36 104 3.408708
119 30 0.152950
26 192 0.633829
49 220 2.764062
80 40 0.585696
30 102 3.790816
150 97 2.248943
23 72 2.991727
165 4 1.963916
142 33 2.539076
99 105 4.247174
152 17 2.255719
46 101 1.873227
36 140 3.319187
195 47 0.582336
25 57 2.316792
59 75 3.327304
203 17 1.993487
59 101 4.529724
49 119 1.077487
116 32 4.318121
119 22 4.656139
143 185 0.723042
90 32 2.159685
101 47 2.828768
216 32 3.098406
94 62 4.907672
36 4 3.236262
61 77 1.847393
168 169 4.136326
111 20 4.232540
202 77 1.305804
200 133 1.650597
120 26 1.584951
136 6 3.266536
62 121 0.667325
40 96 0.729594
33 141 2.293253
111 79 2.710364
1 26 3.086946
46 114 2.308864
40 170 0.069358
86 127 0.697708
172 178 1.385827
71 105 1.597754
90 27 3.447824
71 120 2.571959
6 71 1.922127
124 92 0.187159
5 52 0.578833
4 90 3.444730
34 68 0.569688
6 195 4.746499
123 72 4.401861
191 30 2.070518
59 124 4.199581
150 57 2.350927
109 29 2.029285
96 171 1.184953
173 23 0.498419
103 3 1.925966
89 160 4.714556
123 161 2.542161
22 12 1.097536
125 108 1.282880
151 3 1.359221
23 105 4.428441
161 6 3.815407
35 105 0.537747
7 105 2.908517
35 104 3.446240
76 58 0.958586
41 35 0.961991
221 222 3.179168
28 107 2.271481
170 180 1.773090
71 192 0.330559
35 41 0.705177
18 140 1.903768
109 33 1.624881
40 20 4.374256
97 43 3.123975
146 3 4.641477
195 96 4.299631
123 47 3.900873
39 68 1.972538
34 3 2.449625
77 202 0.840341
120 110 3.607779
194 55 0.947879
23 53 1.001595
24 47 3.809447
78 74 0.376342
98 107 0.188128
119 50 1.869107
47 101 4.089238
126 91 2.823624
75 148 1.650092
82 109 3.095844
4 101 1.858493
201 39 0.686446
126 73 2.104500
20 36 0.326177
13 12 2.060138
22 200 4.732631
48 126 1.327771
9 131 0.843875
141 25 3.007339
65 141 4.352415
109 98 1.047299
11 77 1.956202
126 99 2.895113
201 30 3.155827
140 68 4.981452
120 29 3.264912
86 102 3.376110
80 201 2.281627
119 184 2.308307
126 98 0.715086
173 68 3.444875
72 35 3.014607
57 34 1.493826
92 5 1.726488
59 208 2.078480
168 97 3.020712
71 26 4.105940
123 60 3.532167
48 20 0.128179
34 91 4.299120
203 33 0.313194
11 125 3.846053
20 130 0.619713
2 20 0.516834
189 69 1.437348
67 1 2.506701
118 50 0.120338
166 168 2.527245
154 7 0.412628
30 39 0.040735
17 5 4.627030
6 77 1.489577
137 187 0.323469
2 182 1.537513
143 174 0.980251
136 39 0.078851
42 19 0.246033
25 97 0.077225
34 99 2.917995
4 120 2.743964
1 32 2.810008
148 28 2.799815
115 66 1.498084
79 24 3.302587
113 46 1.577633
71 111 0.272873
103 131 1.180696
168 147 3.965756
90 214 2.461538
137 1 1.071933
8 100 0.975636
182 79 2.522114
52 79 4.173004
121 127 0.684028
120 98 1.465177
24 74 0.234398
103 21 4.530028
57 126 1.177853
96 223 1.179276
120 25 0.088560
113 40 3.427515
125 101 1.240634
151 82 1.340906
92 59 1.604347
29 33 4.255007
119 163 3.910981
41 61 1.860749
69 8 3.605205
101 99 2.688053
90 25 3.112212
4 209 1.949307
9 146 1.997893
134 152 3.585530
22 50 2.009434
118 51 2.560566
134 148 0.438694
200 22 3.128132
92 74 4.521641
48 35 0.217782
4 36 0.257741
19 115 1.856958
2 185 4.886703
222 25 0.812819
191 104 1.047481
1 102 0.020500
79 28 4.542993
17 96 4.085652
72 124 2.560855
20 3 0.285212
115 80 3.561129
17 72 1.895437
17 40 1.605226
5 173 4.033345
25 191 3.427887
130 127 2.500517
162 139 1.183063
7 6 3.743278
114 4 3.269776
92 180 0.121989
17 25 0.271137
120 182 2.006262
113 127 4.237517
173 203 4.945939
113 175 1.388661
17 185 4.217063
218 125 1.173647
19 136 0.486695
90 5 4.890311
191 132 1.460176
105 72 1.179271
124 101 0.000748
24 40 2.573532
27 105 3.348919
64 119 0.286426
29 128 3.955943
33 224 2.532937
101 92 1.070387
6 136 4.998626
90 105 1.899532
135 44 0.433761
17 47 0.218903
192 71 4.097612
218 144 3.566709
8 98 0.686450
11 124 2.169889
46 4 4.324397
102 32 0.142605
90 70 1.754483
66 29 2.598039
20 23 0.247877
167 68 1.065108
191 118 1.267125
69 68 1.568770
130 136 1.315348
213 11 2.054970
115 191 2.879615
103 102 2.696919
119 118 2.114895
129 74 0.048071
1 47 2.926743
20 53 4.761411
103 43 0.033431
80 68 1.882637
93 68 1.481501
86 21 4.589142
149 1 4.712499
98 112 2.978332
30 118 1.817625
169 46 3.830310
144 120 1.022104
126 43 3.494841
27 104 2.792050
134 33 0.987820
89 113 2.293470
126 101 1.350252
17 101 3.681456
191 25 4.232110
34 47 4.072713
57 101 0.084484
154 141 4.924205
76 71 1.107863
182 90 4.850345
116 95 4.744386
112 60 3.894171
25 64 4.333358
98 78 0.745154
160 109 3.807899
40 78 4.366852
4 38 3.683725
28 187 2.367777
40 21 0.226065
62 114 4.472024
118 64 1.301780
40 66 4.017110
86 29 0.561953
136 68 4.751483
62 127 3.183026
11 1 2.119524
115 144 2.839599
42 68 0.133416
86 136 2.314273
27 23 0.990207
20 123 2.409326
123 92 3.537071
218 176 2.549591
157 43 0.972814
173 148 0.084534
40 22 0.754622
125 202 2.924874
72 10 3.353056
92 126 4.816634
112 198 3.161897
33 185 1.997823
169 113 2.414158
29 40 4.748683
46 105 1.111993
41 11 4.273449
35 4 3.855709
40 12 2.900223
1 36 4.050073
40 156 4.575568
82 15 1.563896
26 36 4.400967
13 225 2.056881
36 22 4.999074
180 124 4.437147
89 162 0.135210
155 180 2.482735
40 130 2.332918
11 47 4.356897
103 87 1.373599
99 20 1.074988
209 44 2.327537
146 32 3.907548
126 10 4.156028
32 7 0.366380
188 209 2.752897
155 59 2.944775
130 81 2.839634
89 3 0.736789
36 92 3.220050
102 39 4.382522
74 92 2.041246
150 41 2.227239
15 186 3.208061
48 60 2.877501
136 144 2.159880
6 32 1.111030
136 80 3.073686
136 30 4.445720
186 65 4.221838
46 175 1.435255
119 3 2.334684
140 120 4.038911
46 89 1.985088
170 40 3.373759
98 92 2.765115
94 69 3.285304
157 146 1.102525
162 46 0.131274
132 191 1.317827
5 1 3.718177
45 112 1.402528
30 44 2.293305
33 73 3.573182
35 92 4.470400
149 82 4.017609
86 30 3.953152
218 44 0.621797
20 92 0.541324
103 50 3.031468
139 162 4.888535
134 164 1.604221
59 76 2.140440
8 39 4.373692
25 98 3.636772
98 76 3.219312
103 144 1.972013
73 134 3.624454
99 98 1.199675
11 76 2.934366
45 150 2.886119
135 209 2.009344
4 78 1.051760
17 166 1.926207
109 40 3.756093
102 3 3.655958
126 58 0.685917
47 1 3.211005
87 64 2.360621
98 93 4.952261
17 20 2.655220
99 34 1.277537
98 58 1.572491
111 48 3.857704
64 125 1.431402
218 71 2.576527
80 133 3.683900
226 3 0.309357
168 166 4.361427
7 20 2.510397
46 169 2.247114
169 114 2.247127
201 133 2.466931
20 144 1.705711
40 68 2.881185
30 227 4.070140
21 118 1.838002
143 217 1.306750
136 5 2.554797
154 65 3.470370
97 25 1.509928
7 68 2.359911
30 40 3.015757
8 34 0.824566
73 4 3.486312
15 65 4.444036
101 72 0.914056
1 112 2.543986
46 62 1.774438
17 134 2.977998
110 78 1.206549
73 82 3.470790
33 130 3.564382
201 191 1.576009
30 50 2.985024
40 32 4.293978
82 174 3.891098
4 104 2.685817
23 27 0.519774
191 32 0.833830
36 1 4.175767
111 37 2.113612
96 71 3.474136
75 93 4.806081
47 124 0.798408
27 40 3.839275
78 110 1.699004
46 109 0.157245
103 118 2.811424
34 107 1.599922
86 50 4.884894
134 142 0.421462
46 68 3.508564
96 88 3.433352
93 105 4.350708
33 173 2.349334
38 118 0.248505
21 81 1.631528
6 161 1.092586
39 30 3.092292
1 5 2.151709
6 10 3.766036
5 148 0.771873
141 12 2.868493
89 19 0.763463
97 48 1.522073
165 3 1.479017
48 74 2.833740
80 64 1.674442
118 163 2.351250
17 144 2.460785
98 72 3.409924
10 41 0.592022
134 82 0.117521
78 97 0.177320
82 143 0.217473
126 93 0.061189
172 65 3.396386
109 20 3.064872
59 217 1.298224
26 37 4.257185
16 125 0.499962
98 77 2.858719
123 43 1.490946
20 28 3.333307
198 1 2.896165
22 36 0.851717
136 102 4.812711
33 66 2.234714
21 86 3.843397
173 107 0.971450
195 223 2.166146
6 129 1.415024
105 107 2.301597
26 71 2.945988
151 17 3.213122
115 103 2.933817
42 8 3.660708
101 125 0.526193
136 19 3.722169
144 68 3.496701
158 180 4.047321
154 3 3.325482
195 7 1.374108
95 218 4.637349
109 82 4.929277
115 136 1.354242
146 91 0.746358
114 32 4.034799
34 8 2.861108
132 202 1.636699
160 127 2.994477
151 45 3.176631
78 40 4.635925
224 166 0.995379
20 82 4.328944
126 124 1.554500
59 202 1.479862
75 107 2.044705
21 136 0.359397
17 79 0.383185
66 1 0.197329
118 78 1.504272
11 41 2.303373
17 104 2.790751
39 49 4.152915
201 168 3.045263
228 69 1.727780
92 111 3.798651
136 120 3.924945
193 43 1.554388
71 79 4.604038
16 129 0.067643
4 92 1.875773
144 3 1.119566
66 82 1.545866
24 1 1.366493
148 3 1.649759
174 32 2.495412
137 20 0.390364
96 32 0.851963
61 126 3.949847
2 72 0.082594
21 74 3.150789
109 63 0.310937
178 91 0.919351
87 39 1.525304
151 172 0.791398
2 198 1.018295
139 3 4.482693
123 20 0.619005
21 38 3.611401
25 22 1.811713
226 32 4.468604
192 53 3.832907
30 201 4.669530
156 99 0.793182
28 47 1.005772
18 156 4.014053
14 179 4.193501
166 224 0.163628
8 129 0.094746
16 78 2.392143
73 142 4.749171
72 90 4.324359
95 149 4.505303
7 28 0.632395
58 84 3.656653
15 91 2.367634
168 100 2.828965
218 32 1.420582
7 27 0.725672
82 25 1.361453
101 1 1.948643
114 66 0.837099
120 140 4.122749
120 21 1.039718
188 196 4.539937
23 32 2.719782
80 39 1.380469
1 66 1.546688
9 70 0.188292
136 105 4.618198
114 6 3.052701
69 20 1.749098
105 26 2.095431
63 227 2.915658
79 7 3.462282
21 144 0.578338
151 99 0.124947
150 126 4.981691
96 118 2.286766
90 79 3.672370
16 48 1.522623
126 35 0.731350
117 116 1.806883
103 115 3.286341
25 87 3.537210
155 161 4.888853
103 32 1.960001
12 29 1.737311
6 47 3.985803
7 148 4.388300
136 38 4.159054
112 72 1.217197
175 62 2.431445
92 114 0.297046
25 123 2.447290
167 63 1.602134
177 176 2.068523
62 89 0.660575
30 104 2.286685
93 102 2.315630
132 30 3.789360
186 14 2.770721
95 32 2.513264
126 47 0.421900
96 100 0.867464
5 136 4.469410
21 92 2.367008
40 164 2.308877
48 225 0.298827
69 84 2.385657
20 163 0.733874
24 32 4.219622
56 202 4.183225
138 204 2.455303
140 38 1.270274
136 109 4.500657
62 19 2.549452
136 99 3.640439
72 91 4.850600
7 44 4.034528
191 115 3.305809
29 39 0.724799
72 68 1.694720
137 109 3.160596
20 79 0.129226
93 98 1.895772
111 1 2.245299
162 89 1.740370
36 44 0.403327
206 101 3.718087
4 1 4.892704
103 80 1.680905
66 130 0.972451
81 163 3.980200
101 11 0.226004
73 123 3.441721
195 32 0.009660
166 185 2.354469
129 97 1.565336
73 210 3.608514
33 74 3.300942
77 101 3.931022
24 207 3.693946
98 125 4.158069
12 39 4.667987
111 71 4.859216
41 34 3.841025
63 109 1.104082
130 144 1.304100
42 97 3.015869
59 107 2.702582
130 71 2.293955
29 53 4.497150
196 188 3.599713
22 202 0.370276
11 180 3.220789
115 105 1.804104
111 68 1.584009
92 98 2.436334
8 79 2.471692
8 48 1.734524
29 17 2.137665
81 130 2.738431
118 217 4.814740
29 12 1.339762
78 166 2.378166
111 47 4.840033
62 118 1.432530
33 174 1.533167
105 112 2.937451
128 29 4.740512
17 98 3.778466
2 59 4.674495
64 115 4.240279
86 32 1.364291
5 144 4.640893
170 105 4.495108
75 68 4.279088
114 91 3.627132
125 71 1.203607
142 134 4.019837
27 112 1.392311
80 118 0.569693
6 3 4.833215
139 127 1.840553
73 93 4.177488
42 102 1.043042
21 5 0.411917
36 48 3.097069
6 92 2.439300
121 128 2.319482
76 124 3.530143
80 12 1.111843
130 79 1.745179
29 68 1.230938
150 72 3.378915
17 141 4.418206
105 99 1.783358
23 1 2.893549
78 19 1.872922
82 95 3.204420
73 33 1.691651
115 39 1.570578
102 30 1.706588
22 188 2.620821
136 72 3.132683
34 100 1.009452
71 56 0.859706
6 204 4.076032
5 105 0.874757
71 1 2.046983
169 89 3.647130
11 71 2.315761
86 80 0.996279
33 17 4.453911
8 19 1.880043
89 46 2.879350
20 1 3.236906
36 98 2.675566
86 71 3.243112
93 1 1.976063
1 111 1.695827
229 176 1.761919
58 126 2.567195
96 1 1.845299
135 180 3.946348
173 72 1.271890
57 73 1.649432
35 34 2.009675
71 101 1.608521
59 47 4.413477
24 111 2.312878
7 24 2.542874
203 130 3.088316
23 96 0.328094
76 101 4.273356
46 91 2.295561
137 24 1.499846
92 1 2.907120
72 4 4.965019
56 125 2.078954
33 109 0.981969
141 17 3.947862
135 124 1.712090
96 79 0.095126
112 3 3.779869
123 78 3.261098
6 81 4.276228
40 33 0.569977
13 136 4.596226
62 175 3.765350
165 198 4.242496
82 152 3.633579
88 213 4.561098
11 126 3.373481
169 153 3.087059
113 128 4.203197
91 47 3.133289
99 112 1.187919
20 27 0.357009
36 144 0.243733
95 116 1.424078
1 40 4.486091
185 150 2.732521
7 195 0.485710
163 119 3.320831
6 124 3.205076
173 25 2.705465
29 25 0.753698
99 107 2.408353
5 124 2.191973
150 92 0.482876
62 46 0.703596
118 30 0.336766
166 148 0.026140
109 23 4.327799
124 57 2.318654
46 98 4.615719
30 119 1.393681
38 78 3.598902
30 68 1.747893
86 1 1.835192
77 125 4.070425
230 231 1.630636
156 32 1.102076
46 63 2.585949
105 71 2.051656
34 150 2.183102
221 16 1.396842
132 22 1.727388
61 57 2.211235
151 112 4.226354
219 135 2.332723
186 189 1.081249
4 97 2.547749
101 98 0.023437
96 156 3.901321
172 15 4.508001
79 98 0.978182
123 109 0.312710
129 53 0.714299
79 40 0.227077
173 43 1.474967
186 32 4.777277
58 6 1.691685
73 136 2.146560
192 1 2.230106
112 47 1.394508
111 26 2.489142
207 215 0.014289
29 103 0.161024
146 100 1.324563
35 91 1.923595
1 92 4.865971
57 25 2.370807
118 80 1.151154
139 160 2.444181
35 150 4.348558
36 32 1.214517
72 98 2.388381
112 105 1.522634
19 68 0.914487
10 72 4.791126
76 180 4.450881
147 62 0.950297
124 25 1.642209
145 220 0.604961
126 72 2.581330
48 11 4.420178
11 6 4.924197
114 175 0.972819
36 71 0.165810
37 26 1.774551
48 131 4.886145
166 33 1.434676
57 112 2.604394
132 200 2.053047
66 50 0.556163
143 142 2.424242
6 126 4.241857
191 119 2.897718
98 1 1.942524
123 38 2.994733
8 99 2.475343
71 108 3.081441
40 52 4.774647
30 21 2.500404
207 84 4.287321
46 35 2.002545
216 125 1.770607
85 84 3.593784
170 125 0.727055
21 68 4.617353
59 198 3.855354
90 198 1.939895
92 150 3.816757
80 50 3.230343
27 47 2.382927
30 168 4.855971
115 19 4.309349
29 98 2.230704
173 33 1.434722
123 32 3.371418
148 27 3.413974
100 43 3.655764
120 79 2.430422
123 79 3.094960
34 126 1.992774
30 132 2.550136
23 20 0.131310
189 141 1.919597
69 43 2.658707
157 118 4.895752
115 71 2.901948
83 119 3.046067
78 98 0.242237
40 1 1.278150
20 115 1.861232
115 22 1.722442
11 25 4.078093
11 57 0.506207
29 22 2.813383
82 126 4.529683
11 78 0.390018
132 184 0.038810
72 105 2.284637
99 104 2.895453
64 191 3.885551
17 28 4.453841
47 91 0.699318
90 114 3.430942
77 76 3.839973
106 137 3.423414
165 43 2.313839
136 92 3.698418
198 90 4.309802
71 171 4.836408
99 25 0.514928
94 160 4.401553
146 43 1.905428
201 119 4.520918
6 48 3.062491
82 136 1.288220
136 20 1.118950
87 30 1.193810
5 111 4.361049
38 110 1.156012
4 29 4.086165
103 130 1.173931
85 207 0.251820
174 134 2.330311
36 53 0.538621
12 164 2.605343
161 180 2.997083
22 197 1.968924
143 82 1.698725
105 104 0.463615
18 43 1.969119
115 12 4.976095
114 68 3.227777
15 47 4.253841
92 124 4.305339
166 110 4.836116
151 212 0.602708
146 48 4.708825
114 89 1.224952
157 192 2.765616
11 16 1.705929
86 128 1.554921
88 111 3.565583
109 4 1.754267
136 47 3.971926
13 111 1.159874
124 77 4.007228
115 79 4.488002
48 41 4.852332
45 126 3.145139
77 11 0.343385
95 117 1.278996
5 92 1.086167
98 36 0.202348
158 44 0.865528
12 50 1.933236
182 27 1.897250
77 108 2.083182
17 71 2.037888
40 223 0.787925
72 104 2.656512
90 107 2.988864
2 127 3.839024
150 99 2.472138
32 102 4.228624
165 232 0.489013
125 209 3.836673
71 125 2.955313
45 98 4.944110
67 43 0.652239
124 124 2.177066
20 6 4.947844
136 17 3.410094
118 21 3.446495
36 100 0.237302
161 123 3.328458
79 111 1.386838
75 4 3.591854
29 114 3.285620
59 92 1.412521
213 88 0.232084
34 104 0.638803
11 48 1.366434
119 217 0.653932
73 57 0.627249
73 29 2.169168
1 98 2.209178
92 208 4.646559
110 120 4.715725
73 17 2.193822
194 100 1.564363
109 89 2.244672
59 91 1.201225
198 72 3.987058
165 199 0.479113
35 96 2.452054
158 124 1.663661
120 81 1.152958
189 14 2.759114
137 32 2.420974
90 60 4.315694
5 47 3.862128
135 77 0.786880
11 38 0.090382
96 35 4.054133
13 36 2.805463
49 168 1.424039
6 112 3.819597
82 53 0.974483
78 27 3.136471
25 99 4.675596
65 14 2.747138
165 42 1.141158
25 71 4.434182
112 104 0.289065
103 79 3.310052
128 113 2.035858
22 217 1.666677
130 203 1.838521
90 34 0.017265
23 3 0.166867
5 4 4.525813
49 21 0.347255
120 1 1.312133
66 136 3.021364
33 203 0.071075
136 1 4.550245
85 215 0.964840
12 220 1.066452
103 29 3.851170
79 37 1.614058
93 57 2.479260
33 82 3.928403
101 58 4.666745
5 98 3.988559
154 91 0.706006
128 46 0.835331
47 4 4.410799
111 157 2.296189
35 98 2.050809
195 27 2.945449
34 112 4.168030
130 3 2.081304
69 228 0.477741
39 29 4.395726
62 153 3.970547
49 29 2.985878
170 56 3.643470
16 97 0.794903
20 43 4.931955
182 7 1.363653
20 91 3.908280
91 105 1.464716
30 32 2.476549
58 76 3.355220
11 202 1.180254
1 136 1.529257
96 27 2.228311
88 144 1.228863
48 129 3.500035
11 35 0.084634
15 198 2.438543
61 150 4.595371
12 133 4.394180
137 36 2.979018
59 71 3.360698
38 21 3.256354
120 40 4.533782
8 16 4.281164
48 69 3.526673
12 79 2.796940
180 11 3.162702
14 141 0.526837
115 107 4.553942
117 95 3.110869
150 98 4.369292
80 21 4.694565
120 20 1.558359
29 102 1.340819
114 92 0.148564
69 16 1.911035
33 2 3.765000
12 22 3.349710
22 115 3.571374
5 10 4.089804
57 72 2.343150
100 3 1.323322
81 40 1.073443
11 10 1.359956
48 27 1.788000
11 129 0.921198
65 186 2.574664
169 139 2.369853
63 46 0.122906
151 32 0.684819
132 197 4.760809
195 6 4.917340
64 80 0.741506
71 159 2.488218
80 132 4.481373
189 186 3.428274
58 101 3.997655
20 68 3.593268
187 27 2.057551
182 222 1.263293
81 30 2.171799
82 32 1.429260
5 17 1.564858
78 10 0.570872
5 21 4.650208
136 123 1.043155
109 162 2.301712
143 73 4.869083
57 10 4.678424
158 209 0.273587
40 30 3.171125
191 50 2.091770
17 126 1.373434
24 79 3.299797
21 120 4.685550
5 157 0.038324
193 53 4.112499
154 104 3.767830
154 34 0.920221
7 182 1.159089
129 68 0.805357
124 47 0.627762
114 7 0.792614
49 30 1.463354
221 100 4.592793
17 82 1.070334
46 99 4.110528
180 93 0.649022
196 125 3.119825
100 9 4.895183
118 166 3.335347
130 73 2.173041
57 93 2.298625
82 141 2.996142
39 19 1.164745
30 202 0.866238
63 127 3.856240
173 26 1.825219
47 161 1.455227
130 66 2.994866
114 105 4.708088
6 91 3.839331
7 3 2.638990
129 99 3.503290
139 46 4.788646
103 197 2.774016
49 86 2.893944
136 81 3.514536
30 12 3.802194
33 122 3.480172
140 102 1.245531
27 187 3.639600
33 148 0.765522
30 81 1.134895
90 233 4.185481
20 222 0.375627
22 83 3.161386
142 73 3.407757
49 145 4.168648
48 205 2.459148
26 79 0.900197
115 171 4.609010
34 43 3.631979
83 184 2.670358
20 72 0.714133
81 80 2.426449
93 75 1.335169
148 99 0.190756
89 175 1.035227
16 1 4.054488
90 92 3.780075
98 45 1.713818
17 2 4.144535
126 180 2.191943
168 201 4.981676
4 112 2.023643
90 47 1.371933
92 60 3.071691
89 127 0.913915
113 89 0.172361
72 150 1.878497
93 5 1.897213
82 73 1.457072
161 155 4.014837
10 217 2.362149
30 191 0.645958
82 142 1.609871
103 42 2.104118
170 159 3.902841
126 57 0.051275
97 93 1.776546
31 6 3.404997
123 77 2.789114
45 41 1.634344
35 57 3.424550
111 92 1.408224
42 201 3.017040
89 185 2.394627
77 180 1.495769
82 17 4.382405
16 68 0.076397
41 184 4.007837
24 195 4.713897
1 79 1.468631
178 19 3.281092
180 125 0.312506
136 40 2.287563
71 76 2.064227
187 28 3.462671
157 78 2.110265
130 88 2.220620
65 154 1.961622
47 27 3.980120
209 158 3.872550
82 66 0.954329
189 65 4.403266
6 107 0.693905
1 71 2.463135
91 234 2.901627
58 77 2.640237
200 64 4.461211
19 72 4.570003
179 68 3.042110
113 169 3.736216
21 30 4.588912
25 33 0.848895
10 92 2.376148
17 7 0.916244
2 188 4.312934
140 1 2.483847
185 166 1.008122
182 6 3.511587
42 103 4.237367
43 97 2.433283
17 136 1.181777
57 35 2.128372
33 152 1.548793
24 27 0.565124
162 109 3.043541
103 205 2.786140
41 126 1.661920
151 40 1.889654
114 62 4.419290
82 214 0.006941
26 120 1.660173
161 77 2.531574
122 73 3.156852
99 92 2.212456
189 15 4.751555
173 3 4.389774
136 101 3.931078
87 103 4.624228
80 56 4.397257
42 39 4.694610
59 209 2.307147
48 6 1.218700
123 93 2.687765
40 23 3.262407
130 101 1.270439
101 71 2.269862
194 48 4.565031
90 1 4.471591
135 76 4.026778
79 71 3.066141
170 72 2.634707
39 53 1.521354
150 61 4.397490
98 57 3.607873
207 85 2.516596
114 169 1.435851
158 92 2.340228
34 105 2.208785
125 25 3.053195
150 11 0.048415
102 130 3.712112
73 126 4.467473
30 19 4.821678
90 101 2.939907
118 62 1.014905
213 159 2.504064
174 143 0.798474
119 83 4.960011
7 107 2.910266
175 153 2.839383
21 50 1.510315
122 33 3.868319
6 28 4.840377
145 70 2.210504
154 225 1.936019
157 79 3.678668
96 68 2.373407
92 101 4.846830
152 33 0.672986
125 44 0.869091
141 235 1.818813
121 62 3.798430
160 62 0.219394
169 127 2.357836
74 21 3.152138
168 80 2.989681
48 79 2.571876
60 112 0.513615
22 25 2.331427
40 109 4.288997
123 131 0.180487
20 78 3.449971
5 96 3.661735
78 123 2.782280
57 98 1.787423
103 86 1.225422
75 99 0.670444
36 97 3.160399
89 153 1.820472
155 101 1.665079
82 20 4.983235
5 34 3.224097
8 27 2.398366
33 29 4.342883
124 76 0.840307
138 33 3.044555
72 71 4.830955
82 164 3.864583
79 140 2.052703
174 33 4.782102
132 41 2.790284
6 31 1.303302
16 123 4.589889
8 123 2.257778
11 150 1.475836
91 107 4.368838
123 107 2.059277
83 132 0.265313
129 27 4.122566
86 168 2.959611
135 53 2.185724
120 144 0.467206
82 12 2.327800
15 172 3.336568
136 205 2.705716
17 181 4.974264
187 108 2.449054
156 182 1.252099
103 133 4.032769
115 1 3.755551
8 74 4.551973
103 19 0.011549
25 93 4.097988
48 123 4.887911
48 111 1.127178
78 112 4.476519
90 68 1.862949
30 130 0.584918
40 111 0.710097
170 32 4.593663
35 47 0.702397
97 129 0.186174
82 134 4.025318
5 112 3.526717
92 78 3.530740
59 72 1.145718
136 21 1.081846
203 173 2.590312
112 90 0.367048
136 110 3.982602
25 168 0.597782
29 92 1.914213
20 164 2.171830
193 25 1.954487
150 185 4.065820
24 209 4.244045
47 92 4.660561
11 98 0.052457
30 86 1.652706
129 215 2.033277
16 53 3.289573
27 32 2.855382
86 103 0.411371
128 62 3.916190
1 105 4.406163
72 6 4.384174
78 38 4.819887
1 123 2.848652
215 84 2.292474
120 19 4.602996
118 49 2.545498
71 36 2.183411
80 102 1.587916
158 47 3.111508
83 33 0.109341
140 144 2.685856
80 191 1.185954
132 119 2.330356
138 28 1.300792
118 103 2.412841
140 71 2.621385
135 58 2.612021
142 143 0.236140
57 104 3.803975
170 112 3.409069
39 80 1.216547
35 126 1.508260
20 33 4.321512
11 61 1.655156
59 5 3.199510
170 1 4.162939
22 64 1.513809
57 92 2.586281
139 89 2.618944
5 130 1.588698
