52 13 0.913273
33 100 3.569355
1 60 3.698072
61 68 0.333181
43 20 1.775703
37 29 4.739284
82 76 4.152552
0 11 1.948225
77 21 1.065358
38 31 3.713553
44 65 0.959817
15 17 3.63976
59 42 1.174101
39 49 2.05907
20 51 2.072088
94 79 2.873105
78 50 0.050465
18 41 1.799947
11 79 4.607312
43 86 3.130888
26 48 1.985226
72 79 3.038187
38 89 4.772876
25 58 0.586282
91 27 0.372609
95 32 3.042296
34 24 2.893424
40 93 4.302405
54 72 4.391177
16 76 0.461673
33 78 4.144012
41 75 0.889726
16 22 3.436666
46 11 1.618607
58 5 1.210686
88 79 4.805312
16 71 3.632816
83 12 2.004379
55 64 0.214958
31 99 4.740598
92 35 4.947
51 36 0.169651
89 59 1.755583
18 47 1.97188
47 79 3.208505
56 33 2.711358
1 65 4.322437
27 83 1.708907
40 76 1.057825
83 76 0.284349
46 73 1.662502
99 19 1.289999
29 78 0.398672
96 49 2.583739
36 74 4.818145
85 99 0.361026
0 22 2.869746
69 6 0.626471
52 96 0.262643
100 5 3.046199
82 41 0.402227
77 73 3.895677
3 97 0.428821
91 74 0.566178
6 20 0.40152
21 16 3.622345
88 37 3.401042
57 39 3.3985
63 18 3.294876
16 8 4.46353
54 18 2.869869
59 77 1.271922
68 26 2.569755
62 89 1.812977
87 79 0.504747
26 56 2.196674
76 78 3.476029
36 32 2.353082
63 68 4.748066
14 12 2.927182
19 43 1.546545
85 35 2.325368
49 48 2.966918
2 12 0.105702
33 8 2.402006
8 62 3.075632
95 52 0.64951
76 1 2.385066
75 6 0.729859
92 62 1.220631
66 17 4.102288
79 21 4.379286
32 89 3.830961
64 61 0.012516
43 20 2.43843
36 82 4.592623
23 74 2.23032
15 82 4.757015
11 30 0.928795
88 11 2.391886
76 69 3.42958
83 59 2.378835
25 83 1.007069
83 11 0.00152
38 4 2.345747
72 76 2.594834
78 67 2.135939
90 79 0.563812
0 87 3.845633
36 10 2.215497
100 37 3.165825
87 54 0.860795
29 11 1.835148
26 87 1.501618
2 17 3.760758
80 14 3.591776
92 23 0.799811
51 48 3.282794
48 21 3.398024
45 88 3.173442
29 67 2.154529
46 76 1.09799
76 4 2.257763
3 24 0.686031
18 0 2.817406
97 45 4.331874
92 73 2.18805
84 12 2.99038
62 0 4.006952
78 66 0.026158
39 61 2.920552
81 1 1.397612
10 85 2.3089
80 24 1.632722
94 62 0.347367
98 3 4.887482
44 49 4.623562
17 49 2.635787
57 51 2.570886
17 41 3.796851
67 19 3.010816
63 100 0.633529
48 6 3.37568
62 5 0.669275
22 7 0.740748
42 38 0.139464
23 22 4.543736
38 87 1.306269
7 37 3.028594
55 84 3.609046
8 13 2.978523
75 4 1.388443
66 45 2.663524
88 68 3.2293
73 19 3.003676
95 24 0.641256
100 41 3.855498
16 10 2.929648
14 86 2.449152
60 38 1.463851
95 6 4.079991
45 2 0.195287
0 29 4.852108
35 70 1.374248
94 93 0.894842
29 30 2.917812
18 62 1.763136
17 30 4.159858
37 29 1.847742
26 36 0.500557
96 64 0.870068
43 11 4.825492
47 44 4.688265
51 69 2.399645
36 63 0.990756
9 20 2.672146
43 98 1.177446
64 99 1.362406
59 75 1.951728
50 64 1.693517
43 39 2.336186
79 93 0.65373
60 16 0.755551
49 25 1.33123
16 64 2.077158
76 17 4.111214
88 80 4.61087
40 18 0.96218
64 36 1.040788
35 88 3.345802
59 55 1.133158
26 57 2.45763
17 45 2.862747
35 83 3.825814
29 66 4.424936
27 72 4.829335
77 76 0.889094
22 10 2.631585
7 64 0.510126
43 1 0.146529
69 67 3.17463
97 14 3.803629
39 97 0.604482
48 27 1.45145
63 70 2.026073
3 7 3.778266
30 90 3.582853
90 12 2.74572
22 23 1.857644
17 30 1.764124
72 50 3.834675
79 53 3.095583
43 42 4.381409
54 94 4.669869
20 24 2.301045
52 76 1.363955
35 71 4.239283
50 44 0.489594
88 61 3.208599
42 73 3.966879
96 17 0.078621
27 19 0.951108
55 29 2.673719
43 91 4.176636
64 88 1.938603
8 60 0.172763
32 98 1.120746
82 40 3.764868
73 61 3.466809
36 78 1.958212
23 72 2.242432
88 23 4.264262
72 43 3.422307
93 25 0.473385
29 62 3.744231
52 66 3.31688
77 74 0.034158
57 16 0.314141
17 82 1.422403
18 71 3.054067
81 80 0.883982
85 4 0.511065
9 15 0.478327
35 69 2.122348
43 63 3.760341
49 27 3.876594
95 52 4.509987
29 20 0.670692
25 61 3.485247
61 36 4.008749
53 89 4.540066
14 55 3.010211
90 31 3.006377
72 76 0.181516
32 98 3.676913
35 63 3.265881
23 59 0.777499
9 23 1.106457
80 19 0.061099
88 0 0.549899
32 30 4.912725
87 34 2.742588
73 62 2.708589
64 73 4.356364
92 44 2.5392
90 71 2.107007
27 41 3.261878
35 88 2.874118
53 19 2.680819
46 100 1.887639
89 92 4.933399
97 48 3.052503
97 70 2.945377
21 71 1.925653
64 53 1.823545
94 7 2.190469
88 62 3.52211
97 18 3.800052
62 78 4.255122
27 29 0.710214
88 72 0.589749
15 91 1.998242
58 32 4.05667
26 77 3.181479
8 39 3.862687
10 66 1.660208
63 28 4.642343
93 64 3.964661
54 0 0.479085
77 4 2.623268
86 62 4.62106
58 81 2.71038
14 80 4.306975
32 75 0.150989
56 36 3.738106
29 57 4.664617
14 60 3.282836
43 73 4.205664
83 9 1.486457
4 54 2.400854
30 99 0.129187
9 52 1.912711
24 71 3.480281
99 1 0.882092
73 20 4.688559
13 7 3.13468
99 83 4.952977
7 71 3.632788
29 76 4.498055
33 91 4.435703
61 32 2.276206
8 51 4.673897
57 97 1.898292
88 99 3.948267
41 84 2.896034
77 3 0.652196
47 10 1.305656
89 58 1.199454
38 2 0.080043
35 89 0.542258
2 20 2.547407
98 78 1.202795
29 84 2.031134
55 76 3.600731
72 76 3.509493
18 48 4.771377
23 44 0.756939
49 6 1.47687
51 24 3.521885
43 50 3.179756
46 6 0.855814
20 29 1.840545
45 94 1.472847
16 49 0.643957
20 74 3.67194
37 0 3.473794
38 100 1.289319
99 62 4.061808
45 46 2.972887
73 17 1.2115
81 100 0.750682
54 95 2.779263
1 14 4.818309
98 47 3.767752
67 28 1.951411
10 19 2.052567
43 31 1.084453
87 83 3.47244
16 84 0.525228
14 96 0.58237
75 63 0.559545
100 75 4.461714
13 89 3.443394
95 19 4.190396
16 53 1.675381
49 1 0.423212
5 15 0.056714
23 87 0.763121
10 72 4.100047
77 58 4.033824
91 13 1.504117
70 99 0.604357
15 9 3.918626
61 80 1.543949
78 21 2.35234
63 76 4.225968
47 40 1.487311
52 30 3.10995
85 32 0.198838
19 60 1.660174
54 78 1.900386
90 51 3.122632
94 91 1.025373
98 30 3.894806
23 45 2.779758
37 22 2.514323
10 84 0.421187
39 21 4.714815
84 16 4.380338
38 63 0.277836
73 22 1.676448
87 21 0.142582
71 68 2.936071
18 83 0.83313
26 63 3.750648
57 3 1.486405
74 24 1.079528
91 11 1.91696
86 9 1.767149
47 61 2.66992
29 45 0.30943
71 65 0.881969
53 67 1.894098
13 96 0.235468
58 24 4.182559
32 0 3.836803
30 10 3.220423
78 40 1.810073
99 5 3.808635
14 5 2.401371
