32 77 2.726469
27 78 0.307768
92 98 4.810029
48 81 2.854162
69 41 4.284676
60 69 1.083797
23 61 4.460154
59 96 4.923398
21 35 3.933637
27 20 2.022834
77 12 4.057702
36 5 2.373172
16 77 4.008352
39 94 4.003991
38 39 4.862928
28 98 3.246199
11 3 4.833907
4 45 1.714408
46 71 4.328288
79 40 4.621566
22 86 2.671569
36 2 2.798209
95 68 4.254148
31 40 1.203322
71 13 1.550113
38 68 0.966996
93 43 1.33991
13 38 2.901572
61 91 2.574769
38 24 3.145376
89 22 4.947023
95 36 2.56869
86 3 2.024549
88 51 4.683185
56 98 4.987943
30 40 0.098475
78 38 2.455692
8 92 3.652935
55 16 1.070364
80 12 3.351398
87 92 3.507609
24 75 1.61032
4 95 3.698742
85 67 3.528584
31 52 4.78723
22 55 1.66975
15 39 0.392175
22 78 4.230548
40 31 0.545062
40 96 3.941009
99 95 3.457518
56 77 4.511933
55 75 2.454271
25 0 3.51354
43 73 1.219164
59 83 4.64258
71 35 0.658275
16 50 1.47175
94 93 0.863501
24 18 1.683436
65 56 0.878509
27 19 2.489854
92 33 0.262764
78 31 4.454966
7 90 1.570583
34 35 2.926127
67 53 4.232993
25 50 1.057456
45 3 0.624536
12 71 4.290706
39 22 0.253021
35 95 4.005382
5 2 0.115582
5 1 0.78687
56 76 2.842105
88 83 3.499468
49 7 3.413557
65 44 4.889359
52 19 0.856484
5 77 1.881298
39 19 3.777899
47 78 1.300657
84 17 3.9549
70 23 4.304593
98 2 2.349328
80 29 0.307454
96 47 0.247302
53 2 1.588647
25 43 4.673206
44 24 3.670334
52 85 0.229487
24 27 4.075749
85 1 0.733936
24 92 1.850729
44 25 0.09505
83 66 2.378994
37 81 0.74005
7 40 4.707362
68 76 3.343886
79 53 3.961756
7 91 0.222992
89 66 2.466586
24 96 0.901798
75 35 4.014906
84 30 3.870378
56 92 3.868263
27 13 0.659324
49 17 1.861005
30 46 4.638043
96 49 3.845309
40 57 1.087591
44 55 4.980305
1 67 0.491656
44 90 0.010476
37 44 2.039766
25 47 1.739182
76 79 4.309212
58 35 0.318422
53 39 0.762194
3 14 1.656626
95 19 4.129443
36 49 1.638352
30 45 2.661463
55 34 2.707386
16 36 0.649473
29 78 4.549106
95 100 3.299946
52 29 4.62948
36 41 2.823556
8 47 2.243679
8 59 0.475898
92 47 1.65262
78 51 0.631946
76 89 0.168984
8 64 4.086503
41 71 1.029484
6 31 3.653461
34 31 3.656325
45 41 2.398298
0 93 1.036712
5 64 0.296247
76 83 2.787361
70 95 0.735264
27 35 4.542384
41 72 0.526528
5 97 1.137216
80 78 1.266065
41 80 3.783173
52 76 2.109398
74 96 1.925618
52 19 1.021465
100 79 1.463483
11 82 0.962514
38 64 1.765239
61 17 3.756996
5 92 1.609236
12 48 4.967492
56 82 3.365729
31 97 1.768697
11 80 3.510313
84 86 3.33321
29 36 2.767706
59 63 0.584783
60 48 0.04713
38 10 1.082446
16 100 1.53523
30 46 0.547054
67 53 1.064862
30 6 3.721739
84 54 2.395856
15 19 0.910423
5 14 1.928535
6 50 3.108337
15 52 3.227233
36 32 3.005302
63 3 4.921118
66 24 1.556635
47 11 1.367969
92 91 2.000568
13 24 0.338862
9 82 2.156339
12 89 0.453586
92 13 2.779676
55 98 2.978547
25 70 0.708631
69 68 4.560143
71 25 2.594156
52 72 3.279745
46 0 2.275417
63 89 1.09862
98 94 0.042715
57 85 0.210714
31 79 4.987629
39 88 1.87584
73 16 3.438914
55 1 3.178547
99 42 0.366442
74 72 4.53959
40 98 0.259355
54 19 0.034797
