89 27 2.080085
36 72 3.483316
83 21 2.276729
56 83 3.107228
10 91 3.965573
39 18 2.941017
69 93 1.985881
29 81 0.402071
9 83 3.413003
39 60 1.520695
30 69 0.005827
62 12 4.647585
90 36 4.592817
38 35 1.788347
8 35 4.473845
38 80 2.188087
94 36 2.585574
36 12 3.360804
41 64 2.130996
60 99 0.319622
19 91 0.755767
87 20 0.069171
4 34 0.583165
77 34 2.209761
37 98 1.108967
28 62 4.630526
23 66 1.612448
56 57 1.12681
80 54 1.889259
26 50 4.874801
82 66 2.150085
73 14 1.668385
88 60 2.821723
40 12 4.292627
11 84 0.356264
76 93 4.772752
49 30 0.871842
30 23 1.003845
55 85 4.082162
87 62 3.979119
30 21 0.942992
87 4 1.343939
69 78 3.155591
60 45 3.134211
64 16 2.939034
84 0 1.334103
49 14 2.085451
35 91 2.349602
72 2 2.51758
46 37 0.301283
20 38 0.59984
44 53 2.85077
72 25 1.535063
20 61 3.141349
96 72 3.015862
6 2 0.845463
69 99 3.666099
33 44 4.331952
42 26 0.247072
84 7 2.87493
23 95 1.666337
66 61 2.957742
79 89 2.182194
10 89 4.881382
88 53 0.938875
59 89 4.352132
71 30 2.025033
68 29 0.463115
79 51 4.539782
28 43 4.694819
67 98 2.450741
90 31 3.084576
45 40 0.987509
65 16 2.34207
91 81 3.521867
41 23 0.856078
43 21 3.0711
89 80 4.287646
97 47 0.147928
36 42 4.001132
84 31 3.066599
98 43 2.327454
35 13 0.678547
50 45 3.641906
37 32 2.455433
41 58 3.037659
25 32 0.789035
78 98 2.907965
91 95 0.050515
100 14 2.985046
35 65 1.873456
25 74 2.265705
81 84 0.244779
30 75 4.89872
87 15 4.149238
76 7 3.370541
21 66 0.410316
22 76 3.797016
88 42 4.071396
64 70 3.291629
84 83 1.076007
0 33 2.442125
87 61 1.163413
10 50 1.842799
34 26 0.157735
28 16 4.265679
91 44 3.177148
40 13 1.32552
48 8 3.644227
19 8 1.901544
5 100 1.894406
43 38 3.1326
23 86 2.4256
78 28 0.924952
4 60 4.41797
11 0 4.07727
30 8 4.489351
26 2 2.127517
34 81 4.637013
96 43 2.889325
40 80 0.821772
83 44 4.953286
54 58 0.844499
93 78 4.265037
72 29 0.24772
98 36 0.056421
70 82 4.024306
98 65 4.863817
33 66 4.778603
74 71 4.867388
50 56 2.109538
84 38 0.537473
78 90 4.028873
83 82 1.733227
10 16 1.620251
63 31 3.688734
96 100 1.471617
53 95 2.471642
62 56 2.425327
16 14 2.09747
53 7 4.367089
50 21 4.840459
27 60 2.762741
19 29 1.835658
55 2 0.562663
71 23 1.2719
64 29 3.369817
75 40 3.616623
63 79 4.142354
50 3 1.458557
72 95 2.398082
87 56 3.191707
30 40 1.183609
94 23 2.638193
35 95 1.865991
83 69 2.892325
95 42 4.815493
7 15 4.084594
19 63 3.594277
98 65 1.210601
89 88 3.478945
9 59 2.426553
67 82 1.678081
36 52 1.721106
2 94 0.594628
93 98 3.067689
76 16 2.763984
70 58 4.392558
36 11 2.25141
66 3 0.845738
80 37 0.612144
40 24 1.34393
42 0 2.656388
58 62 0.55682
0 79 2.172754
36 73 0.611112
75 86 2.147149
15 55 0.364359
1 31 4.071607
41 14 3.987832
20 98 4.824477
29 17 0.549211
80 62 3.631323
37 54 4.68407
99 87 2.820392
24 54 3.918265
15 37 2.860615
89 35 3.127236
87 37 2.696686
7 69 4.433961
52 54 4.934395
48 28 2.209113
98 58 2.970724
50 82 3.296925
46 17 0.821445
93 38 3.984925
49 6 2.394395
86 9 2.442003
43 45 2.470839
20 100 0.220711
54 7 3.915658
77 91 0.802212
21 24 2.75907
29 57 2.77538
20 28 0.01117
28 91 2.34046
75 0 0.071298
90 79 4.83523
15 100 2.442524
40 64 3.452332
68 10 2.849213
97 45 0.278278
5 0 4.254632
14 25 1.360579
85 75 0.917674
100 78 2.268927
55 54 0.964227
33 6 1.807876
69 50 2.211006
74 35 1.626005
22 24 1.626535
66 64 0.134455
62 34 3.92752
54 28 1.063532
63 32 2.662684
100 73 4.310555
58 88 1.660953
78 21 0.724465
53 49 3.931516
100 30 1.681126
30 13 3.23153
34 60 0.534474
95 31 0.959038
66 96 2.811237
100 93 2.35105
93 23 1.669463
41 15 1.035397
94 68 1.308682
62 75 0.832021
57 92 1.987903
0 7 4.140911
10 51 0.425148
21 36 1.601684
39 33 3.075066
1 55 0.312874
58 50 3.48535
83 10 1.541233
40 92 3.334344
8 83 2.146107
58 8 1.312237
77 85 0.725233
13 58 0.07931
16 69 3.869432
26 50 2.249126
22 29 4.859613
11 12 4.829293
3 85 1.770046
4 36 1.035454
24 6 2.473735
87 53 3.217544
41 96 4.65528
48 47 3.786639
84 55 1.36513
44 51 4.221008
92 55 1.166904
60 53 2.491138
89 87 3.558521
12 33 2.175945
75 79 2.530286
44 74 0.8183
12 97 4.5093
23 75 2.299077
12 57 0.319628
43 48 1.781979
58 64 4.856334
5 18 4.529338
56 68 1.916571
92 93 2.261411
99 23 2.00445
86 64 4.604272
87 71 3.759115
94 40 4.01791
13 54 3.950877
88 79 0.626155
91 82 1.519044
64 98 2.611684
34 71 1.825122
22 23 2.970049
73 9 4.811368
30 73 3.874793
45 94 4.668836
51 64 4.415323
68 58 2.883597
48 11 3.995603
60 51 1.841172
56 2 4.258363
6 9 4.230877
91 31 0.466551
44 20 4.017643
82 72 4.739183
44 42 1.252927
11 19 2.74307
49 98 4.768647
24 43 0.757369
1 7 1.159133
63 51 1.678191
12 78 0.096296
47 25 1.204741
22 50 1.767145
50 77 1.253844
7 50 1.697575
39 2 4.706396
9 52 3.00944
70 95 0.905406
66 85 0.947528
89 91 3.257775
50 94 4.567337
74 45 3.892385
39 92 1.807267
75 93 2.667615
45 24 3.562049
48 35 2.08225
89 40 2.658255
24 2 3.40565
65 26 1.798193
99 72 4.217922
95 71 3.918578
88 22 3.770191
25 95 3.262554
99 91 2.363295
4 6 0.968333
42 70 1.891997
72 91 4.745575
57 53 4.893687
0 65 3.432141
99 86 4.57808
88 42 4.954172
3 19 0.246777
9 84 1.457083
86 69 2.625181
16 70 3.203719
96 52 1.915051
39 5 1.703217
53 21 4.66174
91 50 2.088446
31 74 1.768861
67 9 1.99297
87 31 3.631516
78 95 0.748823
17 12 4.126892
86 21 1.109789
66 71 2.493467
47 0 3.106923
52 8 2.041074
54 70 0.267682
66 95 4.640131
86 73 0.204395
74 51 3.074977
77 58 1.646392
39 11 4.708404
48 38 0.237966
51 65 2.580533
79 18 4.524808
49 82 2.606552
20 13 2.184652
100 36 3.270941
57 56 2.800733
86 25 4.139736
59 82 3.255489
4 15 3.09554
7 85 0.159536
82 96 1.817225
0 96 1.915606
42 100 0.520336
46 66 2.206798
94 43 2.12572
22 15 4.122746
69 29 0.981278
51 46 1.969265
26 63 1.144327
11 22 3.784497
66 79 1.795383
76 66 0.008474
11 73 4.56828
8 4 0.780674
97 33 2.363245
20 15 3.099925
8 89 4.186032
7 90 3.557729
89 44 3.224224
89 85 4.915978
58 72 3.648319
65 9 2.698732
89 73 4.986913
82 79 0.070837
74 37 2.10474
67 46 1.272564
86 38 4.882047
84 5 4.346902
12 50 1.484872
79 9 0.184588
20 88 0.216923
66 49 2.001871
15 95 3.662139
21 54 2.633927
45 22 3.278874
18 92 2.548134
83 42 4.48579
58 62 0.689567
25 18 0.863854
58 49 1.618439
86 28 2.482013
16 67 1.474181
44 32 1.66996
9 79 0.121084
52 57 4.935071
87 55 2.255881
50 86 4.359176
64 57 0.97317
33 93 3.497346
16 12 1.074635
36 60 4.353771
62 39 1.00217
51 8 0.504526
76 12 3.556295
96 55 4.924845
88 44 1.395577
79 77 2.520902
22 76 3.475887
46 31 0.659078
59 61 2.759151
66 32 1.295673
71 75 4.115797
89 23 4.281227
35 89 0.764292
61 37 1.554979
72 35 3.024596
31 1 3.31137
27 53 4.25877
60 72 4.996425
100 7 1.574824
1 23 3.999908
52 4 2.203078
51 16 0.785215
84 37 4.256058
9 47 2.1054
0 74 3.35876
60 8 4.451998
9 70 3.124205
93 92 0.661768
83 75 0.267672
23 15 1.666757
74 25 0.079778
60 98 0.32871
60 26 4.812932
98 31 4.917013
99 23 1.909319
3 29 1.710028
58 98 1.793949
15 38 3.341165
47 54 4.733533
34 49 2.055179
89 22 4.661446
62 23 1.579719
73 47 1.120271
100 54 1.086883
83 81 2.602812
84 29 4.146655
42 96 0.121283
0 77 2.719244
4 10 4.899758
17 7 1.898849
94 53 2.621936
93 45 2.378335
51 41 3.626613
47 14 0.796007
30 0 3.04308
100 22 3.146149
12 81 0.763787
37 9 1.339553
3 70 2.44955
67 2 3.602971
31 42 1.991578
66 44 2.4057
90 78 1.754166
84 35 1.093698
84 63 0.705997
91 92 4.289468
62 7 1.321142
58 99 2.6739
17 10 0.07742
60 96 0.462723
76 84 1.447487
16 17 1.512298
64 78 2.147852
33 32 1.059624
93 53 4.199563
80 22 1.125974
47 43 0.128239
31 47 2.079241
30 96 2.583484
72 93 1.764099
63 25 4.090518
36 84 4.152776
38 68 4.368188
27 99 3.60215
45 34 2.856277
68 82 4.430889
27 43 4.76377
65 69 4.286775
2 81 4.226345
11 47 2.400066
6 0 0.437
73 24 1.243035
57 68 3.876792
100 6 3.127723
90 60 3.103594
19 88 4.993109
14 92 3.468007
86 72 4.544535
78 45 0.152879
0 92 2.016591
21 45 3.025188
8 67 1.047494
46 23 0.18515
4 65 4.115951
28 95 4.615715
96 38 3.465031
9 39 2.885663
38 2 0.334724
9 17 2.871287
20 4 1.74714
9 91 2.164332
64 59 2.495187
64 85 1.110132
65 72 4.001232
67 33 4.900129
70 60 1.459046
76 66 2.318026
66 39 3.661947
56 43 1.110785
37 99 3.929104
67 14 4.199203
99 61 0.170713
17 87 3.553092
42 73 2.701531
100 96 2.613899
14 89 3.560739
66 93 4.429785
66 55 0.18487
58 11 4.890561
52 25 3.950572
0 59 3.105517
3 89 3.786047
7 97 4.106423
52 94 0.312037
21 16 3.930085
48 41 0.603147
29 87 2.95094
72 77 4.548861
16 73 2.397955
72 12 0.460607
19 51 3.662421
8 70 3.315774
59 12 4.30213
63 33 0.794033
67 20 4.842834
75 78 3.416057
75 65 1.737586
59 81 4.798606
78 70 1.112262
71 88 2.513852
49 72 0.63531
83 37 3.144063
80 100 1.069418
55 57 0.383384
12 0 0.407582
59 35 3.780009
40 76 1.193949
10 56 4.617461
88 80 1.081954
42 75 2.144556
46 58 2.574709
15 11 4.492717
91 19 1.151035
32 25 1.000271
29 2 0.302322
57 0 3.136701
35 84 3.588372
7 23 2.7298
63 39 1.806324
81 54 2.785657
14 96 0.85312
13 48 4.161317
33 23 2.136875
61 50 4.157486
65 5 0.425869
64 58 4.274971
15 98 2.364831
5 3 2.067031
28 35 2.888941
16 22 4.882587
41 93 2.736545
57 46 0.452867
75 5 2.079968
79 43 4.704351
82 47 2.834839
97 69 4.029891
100 52 4.510455
37 96 3.097615
35 59 0.117678
22 92 1.052915
75 41 4.701916
74 61 3.209859
1 25 1.886432
49 9 0.851277
75 59 0.654053
26 65 3.387767
55 29 2.436988
33 67 1.050162
39 42 0.181146
80 24 4.63113
32 87 1.862591
25 50 0.654273
60 27 1.932963
52 18 0.214229
34 80 3.034777
53 77 4.584591
12 35 1.968666
30 5 1.589405
67 78 3.781672
9 30 2.50262
46 27 0.543854
96 8 4.285561
50 32 3.185661
2 100 0.518333
57 27 0.352699
19 61 3.35107
39 75 0.488632
63 19 4.200203
80 5 0.990033
3 16 0.826578
9 89 1.540856
46 33 2.927079
10 56 0.302261
96 71 0.335827
24 3 4.109117
86 75 2.281695
26 48 2.809766
44 78 1.241534
23 96 4.560816
71 47 1.423153
72 38 1.442162
51 70 3.54813
78 18 3.900593
4 57 4.971429
15 13 0.368625
40 61 1.548437
79 56 2.930419
83 31 1.919093
68 91 4.279958
83 33 4.980082
50 79 1.040243
99 94 1.805049
16 35 4.422806
82 35 1.040467
25 10 4.760384
8 88 2.303085
2 35 1.738467
22 16 4.509131
45 57 4.869054
27 83 4.983394
93 88 1.094631
73 89 3.651789
37 71 0.441429
21 2 4.527172
54 67 2.151119
34 74 4.820536
81 7 1.583187
78 23 4.766795
34 77 3.898639
65 45 2.605615
76 15 2.681396
53 35 3.304611
39 83 4.080447
73 33 3.40334
11 53 4.321826
46 96 2.054957
29 71 3.329132
40 50 2.075063
37 9 3.199236
83 22 3.248426
3 63 2.626032
57 26 2.666826
17 64 3.300561
44 59 0.120061
74 57 3.566819
31 6 3.807803
35 11 0.834345
70 25 4.236209
63 54 3.206919
6 12 3.342534
36 3 3.76373
5 23 0.466165
79 80 3.705193
79 81 2.53743
27 28 2.758178
45 32 0.100847
69 11 3.862578
24 97 1.346418
98 13 2.363981
51 77 2.060295
56 1 0.852194
5 87 1.77918
51 58 2.936667
40 82 3.35642
81 10 3.967151
64 69 2.873353
46 72 0.085911
57 39 0.630747
66 95 1.184263
42 98 4.289004
22 20 2.04126
58 91 1.066339
91 86 1.989804
70 42 1.035279
16 96 1.808352
62 30 2.184128
73 17 1.435331
35 1 0.108711
53 30 3.790738
24 29 1.784621
87 29 0.368945
56 73 1.229373
65 28 4.072473
39 86 4.215913
24 55 2.250582
78 0 1.756679
35 98 0.205578
100 3 0.470785
23 62 4.999077
100 32 4.655073
38 48 4.171018
26 36 2.886288
14 49 0.102799
59 56 2.890329
45 90 0.166331
31 25 4.459441
25 76 1.08064
76 43 0.598509
21 13 2.025392
86 70 2.536003
72 19 3.784976
64 92 2.543244
21 33 1.697619
40 37 2.131849
22 7 2.505247
94 45 4.512651
36 90 0.606496
9 1 4.170959
0 57 3.240572
9 33 0.353349
86 78 1.518612
81 28 1.944723
59 77 2.306021
3 70 3.183906
23 84 2.458015
3 16 2.662646
63 59 4.164723
73 31 2.53002
86 15 1.457633
59 1 4.507095
19 52 0.320635
1 44 0.416032
27 81 4.983694
63 60 1.121509
47 30 4.603986
12 77 0.230301
38 28 1.39042
66 58 2.305442
24 98 1.935724
61 76 2.615762
53 74 2.540565
16 20 0.224999
78 10 0.277413
97 61 0.648998
83 12 1.463417
1 52 1.987003
60 69 2.015686
25 30 2.646474
63 66 4.916116
90 93 2.130174
14 90 4.44597
82 55 4.983367
37 12 2.354165
95 27 0.698969
2 27 2.547978
12 40 4.7186
19 65 2.557903
58 94 3.885652
45 70 3.883247
93 35 0.757263
8 56 4.094656
70 87 3.542778
47 59 3.085631
14 29 3.684022
59 36 3.7231
85 3 2.479515
100 75 2.330542
91 11 3.450989
28 9 2.412748
69 92 2.887945
37 5 1.295005
51 60 2.643829
15 78 3.498596
58 24 0.155565
19 88 2.290888
87 83 1.871008
44 5 3.905903
0 9 0.955751
79 89 0.686014
98 88 4.308718
72 97 4.179214
28 31 0.902322
68 79 0.158037
13 81 4.438711
0 36 2.519688
37 99 4.953019
85 70 2.683201
96 58 3.803832
12 22 3.510357
13 60 1.863782
46 90 2.777452
35 32 1.474339
65 73 1.24664
58 65 1.453999
75 46 4.240269
55 57 1.460645
55 72 1.291104
44 52 2.000721
62 96 3.716317
0 87 1.112678
38 66 3.772714
34 81 1.740788
37 36 0.093385
98 51 1.91633
5 15 0.446596
59 11 3.28117
33 12 1.239644
14 37 1.137036
96 45 3.584669
11 32 2.386431
76 21 2.225019
54 87 0.689265
85 67 3.496911
98 24 1.418857
57 22 0.65933
44 84 1.260411
12 23 0.026996
68 36 4.877954
35 3 4.454765
47 94 3.990577
40 64 0.073991
8 41 4.877792
89 70 0.929841
89 13 2.722743
56 87 4.364078
60 30 2.569847
4 67 4.110848
41 84 3.791231
40 99 0.624774
46 61 3.293741
32 34 3.601835
52 5 3.967927
5 37 2.429799
2 63 0.924576
60 12 3.922106
12 66 1.277129
24 56 2.734573
11 79 2.618048
41 30 1.010673
97 9 3.624723
62 64 2.132687
1 17 3.299902
8 68 0.761676
95 8 2.130793
7 47 2.372993
54 19 2.672803
33 11 1.088427
35 26 4.975804
67 86 3.341998
9 15 0.799449
73 14 3.303765
85 20 4.862386
1 17 0.158956
21 68 2.402679
73 11 3.714101
49 83 4.156065
68 86 2.217718
89 9 3.831693
90 64 0.872076
72 13 2.642628
8 37 2.449182
74 8 4.172238
76 43 4.145854
39 56 1.004397
41 36 2.498508
2 66 3.001627
72 18 4.202433
29 81 4.300432
25 86 1.941708
64 86 2.885485
36 30 4.101003
81 25 0.570427
7 29 1.096217
19 91 3.725583
60 35 0.39168
52 21 4.339864
14 51 1.037406
4 81 4.341797
42 76 3.372201
1 31 3.72267
71 19 4.576349
59 27 2.912488
10 9 2.813857
56 46 4.455202
43 83 4.846126
18 38 0.039263
43 35 1.367165
1 87 3.921291
27 87 2.409068
56 30 3.589909
15 20 4.91932
13 89 1.694453
34 29 4.559238
41 17 0.460182
77 65 0.140598
12 31 0.807867
29 35 4.543632
70 93 1.764675
50 83 0.090642
69 85 0.239968
6 33 1.958891
44 3 2.434734
25 0 2.165488
66 30 4.65475
32 85 1.155656
51 59 3.738334
76 19 2.017453
69 26 2.417134
29 22 0.611104
24 23 0.050211
84 78 0.468869
22 12 1.969832
19 63 1.383685
53 37 4.988183
37 55 3.526569
82 61 3.07774
64 23 3.9388
83 93 2.626552
93 7 3.24073
14 15 1.687508
69 40 0.601331
68 61 2.492272
64 23 3.204928
23 44 1.474882
50 88 3.401242
18 62 4.309185
58 28 1.993059
3 40 3.532623
61 88 3.027418
89 65 0.714419
74 100 3.697002
0 41 2.324802
17 68 0.04756
98 93 0.702953
25 43 1.132753
16 78 3.514587
85 15 3.794708
41 64 0.197303
21 35 4.248183
46 81 4.247331
63 51 4.505089
72 93 1.729811
34 82 1.716954
66 57 4.133505
11 91 4.482877
12 98 4.117884
22 60 2.047656
94 6 3.906339
36 55 3.4691
65 53 2.062299
63 47 2.763308
44 2 0.367123
55 58 1.413175
5 14 1.205787
84 17 0.843525
10 68 3.782513
78 97 4.110658
59 17 4.085474
